432 
435 
433 
433 
434 
433 
436 
434 
436 
436 
436 
433 
432 
432 
433 
433 
434 
431 
433 
431 
431 
429 
426 
427 
426 
427 
424 
424 
423 
423 
423 
423 
422 
420 
420 
418 
417 
417 
416 
419 
417 
416 
415 
413 
413 
411 
411 
412 
412 
413 
411 
409 
411 
412 
411 
411 
410 
411 
410 
408 
409 
411 
415 
413 
413 
412 
413 
413 
411 
412 
411 
411 
411 
410 
410 
409 
409 
408 
408 
410 
412 
413 
410 
408 
404 
402 
398 
399 
398 
399 
401 
401 
401 
403 
403 
404 
404 
403 
404 
406 
407 
404 
406 
409 
409 
409 
410 
409 
409 
409 
410 
408 
407 
407 
407 
409 
408 
410 
407 
408 
407 
407 
407 
408 
409 
409 
407 
407 
407 
408 
408 
406 
406 
407 
408 
410 
407 
407 
407 
408 
410 
413 
412 
412 
410 
412 
412 
411 
410 
415 
417 
413 
414 
413 
414 
414 
414 
415 
415 
415 
418 
415 
415 
415 
414 
415 
414 
413 
415 
416 
417 
416 
415 
414 
418 
417 
414 
411 
414 
416 
419 
416 
414 
415 
417 
417 
418 
414 
415 
416 
413 
418 
414 
417 
417 
414 
415 
414 
413 
413 
413 
414 
412 
412 
412 
413 
413 
412 
412 
413 
414 
414 
415 
414 
414 
414 
415 
415 
415 
414 
414 
411 
412 
413 
411 
412 
412 
410 
410 
410 
412 
412 
412 
413 
412 
410 
411 
409 
410 
409 
