264 
256 
233 
233 
231 
232 
250 
240 
239 
238 
232 
234 
266 
244 
234 
231 
224 
235 
251 
254 
239 
229 
222 
243 
242 
233 
235 
222 
229 
232 
225 
235 
226 
231 
243 
233 
231 
228 
222 
239 
233 
227 
232 
231 
237 
249 
234 
242 
235 
257 
269 
241 
241 
238 
235 
242 
238 
234 
237 
236 
241 
256 
242 
241 
234 
225 
248 
256 
246 
248 
237 
235 
239 
234 
235 
232 
234 
226 
215 
222 
223 
229 
236 
227 
222 
225 
225 
235 
236 
229 
231 
231 
222 
231 
221 
221 
223 
225 
222 
222 
225 
225 
227 
224 
219 
222 
223 
225 
229 
220 
221 
226 
222 
242 
238 
228 
230 
231 
241 
238 
228 
229 
231 
232 
226 
225 
228 
229 
241 
229 
219 
242 
237 
244 
243 
231 
230 
229 
228 
230 
226 
224 
226 
225 
232 
227 
231 
232 
235 
239 
237 
238 
240 
229 
232 
233 
232 
241 
238 
237 
240 
235 
236 
238 
237 
239 
240 
238 
246 
245 
275 
238 
239 
239 
237 
252 
236 
231 
234 
233 
244 
248 
234 
233 
233 
236 
244 
240 
241 
245 
238 
249 
253 
243 
257 
258 
267 
256 
244 
246 
242 
252 
263 
244 
240 
240 
241 
253 
241 
237 
243 
245 
252 
254 
237 
234 
234 
237 
250 
243 
241 
241 
244 
246 
238 
238 
240 
239 
251 
245 
241 
248 
240 
248 
243 
229 
233 
232 
236 
238 
232 
244 
242 
246 
247 
235 
239 
237 
241 
241 
239 
239 
239 
241 
240 
238 
241 
241 
242 
243 
239 
240 
254 
246 
248 
252 
246 
251 
250 
247 
249 
237 
237 
236 
238 
240 
236 
238 
250 
249 
249 
248 
246 
248 
257 
252 
259 
258 
253 
256 
255 
255 
248 
245 
247 
246 
250 
250 
249 
249 
238 
240 
247 
241 
240 
241 
242 
247 
246 
247 
247 
244 
257 
246 
241 
244 
241 
236 
239 
236 
237 
236 
240 
239 
236 
240 
238 
238 
241 
236 
246 
257 
253 
255 
241 
241 
245 
234 
240 
239 
236 
241 
241 
247 
246 
237 
245 
243 
246 
243 
243 
247 
245 
250 
254 
247 
246 
245 
243 
248 
243 
243 
245 
243 
244 
246 
243 
246 
246 
247 
249 
246 
246 
243 
245 
248 
243 
243 
246 
240 
241 
244 
234 
237 
240 
244 
252 
249 
247 
249 
248 
251 
248 
244 
247 
245 
249 
248 
248 
255 
254 
255 
256 
253 
253 
253 
253 
257 
254 
257 
262 
257 
257 
259 
255 
257 
254 
248 
256 
248 
247 
259 
249 
248 
240 
243 
245 
245 
248 
246 
246 
257 
256 
253 
258 
256 
256 
258 
247 
244 
247 
245 
256 
267 
263 
266 
257 
259 
254 
256 
256 
254 
258 
247 
243 
255 
253 
256 
255 
251 
253 
256 
257 
258 
254 
255 
257 
254 
254 
254 
254 
255 
253 
256 
253 
255 
257 
254 
259 
267 
263 
265 
264 
256 
261 
260 
260 
257 
252 
255 
253 
253 
256 
251 
250 
251 
250 
252 
247 
248 
