444 
439 
480 
503 
496 
494 
492 
467 
457 
466 
479 
447 
429 
416 
407 
417 
448 
454 
457 
459 
473 
449 
497 
500 
492 
505 
528 
513 
504 
501 
496 
498 
497 
505 
506 
495 
478 
473 
464 
478 
475 
493 
483 
462 
499 
475 
442 
485 
431 
418 
471 
435 
435 
462 
439 
446 
469 
478 
468 
480 
506 
459 
481 
486 
488 
527 
531 
578 
545 
544 
478 
499 
502 
488 
466 
460 
483 
459 
450 
409 
413 
437 
409 
321 
404 
466 
501 
402 
460 
482 
502 
510 
503 
485 
462 
431 
446 
372 
481 
392 
427 
404 
394 
394 
384 
426 
406 
423 
404 
402 
375 
404 
391 
395 
406 
459 
462 
529 
506 
499 
486 
490 
493 
505 
559 
505 
351 
361 
351 
359 
341 
347 
347 
352 
367 
420 
382 
399 
384 
331 
387 
407 
454 
432 
478 
451 
444 
476 
454 
448 
438 
432 
443 
456 
444 
430 
428 
438 
447 
449 
449 
448 
449 
451 
456 
459 
462 
460 
464 
470 
473 
471 
471 
463 
454 
456 
464 
465 
455 
440 
447 
458 
460 
461 
454 
445 
445 
451 
455 
459 
460 
458 
459 
458 
450 
447 
451 
462 
455 
452 
455 
453 
450 
446 
429 
420 
424 
424 
424 
426 
432 
438 
439 
441 
439 
441 
439 
439 
439 
439 
438 
439 
439 
440 
440 
437 
439 
441 
440 
441 
442 
443 
447 
455 
451 
445 
442 
440 
442 
439 
437 
437 
439 
441 
440 
442 
442 
442 
441 
437 
436 
434 
431 
427 
424 
423 
420 
419 
418 
417 
416 
416 
417 
418 
422 
425 
428 
433 
437 
439 
442 
445 
448 
441 
440 
439 
436 
433 
434 
433 
434 
433 
431 
429 
429 
429 
427 
423 
418 
414 
417 
419 
423 
431 
436 
440 
441 
442 
438 
442 
439 
431 
428 
429 
434 
437 
438 
436 
436 
435 
432 
431 
432 
432 
431 
432 
431 
429 
428 
427 
426 
425 
422 
421 
420 
417 
414 
412 
411 
413 
413 
412 
410 
407 
408 
405 
400 
401 
403 
403 
404 
406 
409 
410 
413 
418 
418 
418 
419 
422 
421 
420 
420 
421 
421 
420 
422 
422 
421 
421 
421 
420 
419 
417 
415 
412 
411 
410 
408 
406 
404 
401 
399 
396 
394 
393 
392 
389 
389 
389 
389 
391 
391 
393 
392 
393 
394 
395 
399 
402 
407 
410 
414 
412 
411 
417 
417 
413 
410 
405 
404 
407 
406 
407 
410 
403 
406 
404 
409 
411 
411 
408 
404 
404 
406 
405 
405 
405 
403 
403 
402 
402 
403 
397 
401 
412 
416 
404 
400 
402 
402 
400 
394 
394 
402 
397 
395 
398 
394 
410 
411 
407 
412 
405 
402 
401 
387 
384 
395 
412 
428 
397 
401 
402 
390 
382 
391 
393 
392 
404 
408 
392 
397 
395 
428 
426 
412 
411 
408 
408 
393 
390 
395 
381 
373 
389 
387 
382 
391 
392 
388 
387 
398 
404 
410 
405 
409 
412 
408 
423 
425 
420 
430 
428 
425 
424 
419 
415 
418 
418 
