5335 
5375 
5383 
5396 
5411 
5423 
5426 
5422 
5423 
5418 
5422 
5428 
5430 
5433 
5451 
5498 
5580 
5706 
5856 
5972 
6008 
5961 
5849 
5845 
5864 
6189 
6289 
6298 
6313 
6330 
6333 
6330 
6314 
6303 
6301 
6300 
6298 
6295 
6299 
6301 
6302 
6299 
6238 
6264 
6315 
6313 
6314 
6306 
6303 
6297 
6279 
6276 
6273 
6258 
6226 
6180 
6140 
6102 
6084 
6074 
6065 
6051 
6037 
6024 
6016 
5999 
5981 
5974 
5968 
5962 
5974 
6026 
6131 
6230 
6226 
6211 
6191 
6175 
6155 
6144 
6141 
6128 
6111 
6101 
6018 
5991 
5996 
5985 
5976 
5955 
5940 
5956 
5976 
5977 
5989 
6007 
6014 
6016 
6017 
6015 
6011 
6007 
5996 
5972 
5954 
5948 
5940 
5934 
5941 
5978 
5986 
5982 
5948 
5915 
5917 
5941 
5971 
6010 
6051 
6061 
6059 
6049 
6041 
6044 
6039 
6023 
5995 
5959 
5925 
5890 
5873 
5863 
5849 
5835 
5816 
5793 
5765 
5748 
5740 
5736 
5750 
5818 
5944 
6007 
6016 
6024 
6034 
6037 
6061 
6058 
6041 
6004 
5938 
5883 
5848 
5812 
5828 
5892 
5951 
5982 
5988 
5973 
5927 
5352 
5465 
5913 
5936 
5938 
5944 
5956 
5924 
5818 
5700 
5499 
5682 
5901 
5929 
5950 
5955 
5960 
5965 
5970 
5972 
5967 
5969 
5981 
5997 
6010 
6021 
5967 
5904 
5906 
5916 
5928 
5933 
5933 
5931 
5956 
5965 
5975 
5980 
5982 
5982 
5997 
6037 
6072 
6070 
6064 
6059 
6053 
6050 
6050 
6055 
6061 
6067 
6070 
6069 
6032 
6054 
6075 
6088 
6079 
6074 
6068 
6060 
6055 
6053 
6050 
6045 
6041 
6043 
6044 
6043 
6043 
6038 
6031 
6026 
6024 
6021 
6014 
