3531 
3414 
3459 
3570 
3626 
3625 
3631 
3626 
3622 
3635 
3649 
3656 
3667 
3666 
3673 
3684 
3692 
3703 
3701 
3663 
3619 
3565 
3606 
3648 
3673 
3681 
3695 
3699 
3703 
3704 
3706 
3702 
3702 
3706 
3711 
3712 
3710 
3712 
3711 
3712 
3714 
3715 
3716 
3715 
3632 
3622 
3675 
3736 
3740 
3738 
3738 
3743 
3746 
3749 
3751 
3755 
3760 
3764 
3765 
3761 
3765 
3768 
3771 
3774 
3775 
3770 
3770 
3763 
3762 
3771 
3790 
3836 
3880 
3909 
3917 
3911 
3912 
3916 
3919 
3904 
3905 
3908 
3911 
3918 
3926 
3929 
3932 
3937 
3933 
3933 
3932 
3933 
3932 
3925 
3928 
3933 
3934 
3935 
3935 
3930 
3930 
3939 
3944 
3948 
3949 
3949 
3945 
3949 
3950 
3953 
3958 
3960 
3955 
3955 
3953 
3897 
3956 
3975 
3980 
3977 
3977 
3985 
3987 
3983 
3975 
3939 
3927 
3932 
3943 
3958 
3964 
3976 
3973 
3971 
3969 
3966 
3966 
3965 
3962 
3950 
3948 
3952 
3955 
3959 
3962 
3963 
3955 
3950 
3953 
3956 
3960 
3961 
3959 
3952 
3951 
3952 
3951 
3951 
3953 
3953 
3947 
3942 
3945 
3949 
3951 
3955 
3957 
3957 
3951 
3950 
3951 
3953 
3955 
3960 
3954 
3953 
3954 
3957 
3958 
3960 
3961 
3954 
3954 
3957 
3958 
3963 
3966 
3968 
3961 
3954 
3958 
3960 
3962 
3963 
3965 
3965 
3956 
3952 
3949 
3947 
3953 
3956 
3952 
3948 
3952 
3954 
3956 
3957 
3955 
3952 
3945 
3944 
3948 
3952 
3955 
3959 
3956 
3940 
3941 
3946 
3951 
3953 
3945 
3936 
3940 
3945 
3948 
3950 
3947 
3937 
3937 
3939 
3940 
3944 
3946 
3946 
3939 
3937 
3938 
3939 
