 49.00   300.00  93  01   49  00  
 49.00   296.00  89  01   49  00  
 49.00   299.00  92  01   49  00  
 49.00   299.00  92  01   49  00  
 49.00   300.00  93  01   49  00  
 49.00   297.00  90  01   49  00  
 49.00   300.00  93  01   49  00  
 49.00   300.00  93  01   49  00  
 49.00   297.00  90  01   49  00  
 49.00   300.00  93  01   49  00  
 49.00   300.00  93  01   49  00  
 49.00   300.00  93  01   49  00  
 49.00   297.00  90  01   49  00  
 49.00   301.00  94  01   49  00  
 49.00   299.00  92  01   49  00  
 49.00   297.00  90  01   49  00  
 49.00   299.00  92  01   49  00  
 48.00   298.00  90  01   48  00  
 48.00   296.00  88  01   48  00  
 48.00   296.00  88  01   48  00  
 49.00   298.00  91  01   49  00  
 48.00   296.00  88  01   48  00  
 48.00   297.00  89  01   48  00  
 49.00   301.00  94  01   49  00  
 49.00   303.00  96  01   49  00  
 50.00   306.00  100  01   50  00  
 50.00   306.00  100  01   50  00  
 52.00   310.00  106  01   52  00  
 51.00   309.00  104  01   51  00  
 52.00   312.00  108  01   52  00  
 53.00   315.00  112  01   53  00  
 52.00   312.00  108  01   52  00  
 53.00   314.00  111  01   53  00  
 53.00   314.00  111  01   53  00  
 53.00   316.00  113  01   53  00  
 52.00   312.00  108  01   52  00  
 53.00   315.00  112  01   53  00  
 53.00   315.00  112  01   53  00  
 52.00   311.00  107  01   52  00  
 53.00   315.00  112  01   53  00  
 53.00   314.00  111  01   53  00  
 52.00   312.00  108  01   52  00  
 52.00   312.00  108  01   52  00  
 53.00   316.00  113  01   53  00  
 53.00   314.00  111  01   53  00  
 52.00   313.00  109  01   52  00  
 53.00   317.00  114  01   53  00  
 53.00   313.00  110  01   53  00  
 53.00   313.00  110  01   53  00  
 52.00   313.00  109  01   52  00  
 53.00   317.00  114  01   53  00  
 53.00   313.00  110  01   53  00  
 53.00   313.00  110  01   53  00  
 53.00   317.00  114  01   53  00  
 52.00   313.00  109  01   52  00  
 52.00   313.00  109  01   52  00  
 53.00   313.00  110  01   53  00  
 53.00   316.00  113  01   53  00  
 52.00   312.00  108  01   52  00  
 53.00   312.00  109  01   53  00  
 53.00   315.00  112  01   53  00  
 52.00   311.00  107  01   52  00  
 52.00   311.00  107  01   52  00  
 53.00   313.00  110  01   53  00  
 53.00   315.00  112  01   53  00  
 52.00   311.00  107  01   52  00  
 53.00   314.00  111  01   53  00  
 53.00   315.00  112  01   53  00  
 52.00   316.00  112  01   52  00  
 52.00   312.00  108  01   52  00  
 53.00   316.00  113  01   53  00  
 53.00   315.00  112  01   53  00  
 52.00   313.00  109  01   52  00  
 53.00   316.00  113  01   53  00  
 53.00   315.00  112  01   53  00  
 53.00   315.00  112  01   53  00  
 52.00   313.00  109  01   52  00  
 53.00   316.00  113  01   53  00  
 53.00   314.00  111  01   53  00  
 52.00   312.00  108  01   52  00  
 53.00   316.00  113  01   53  00  
 53.00   312.00  109  01   53  00  
 53.00   312.00  109  01   53  00  
 52.00   312.00  108  01   52  00  
 53.00   316.00  113  01   53  00  
 52.00   313.00  109  01   52  00  
 52.00   313.00  109  01   52  00  
 53.00   316.00  113  01   53  00  
 53.00   316.00  113  01   53  00  
 52.00   312.00  108  01   52  00  
 53.00   312.00  109  01   53  00  
 53.00   315.00  112  01   53  00  
 52.00   311.00  107  01   52  00  
 53.00   312.00  109  01   53  00  
 53.00   314.00  111  01   53  00  
 53.00   314.00  111  01   53  00  
 52.00   311.00  107  01   52  00  
 53.00   314.00  111  01   53  00  
 53.00   315.00  112  01   53  00  
 52.00   312.00  108  01   52  00  
 53.00   315.00  112  01   53  00  
 53.00   315.00  112  01   53  00  
 52.00   316.00  112  01   52  00  
 52.00   312.00  108  01   52  00  
 53.00   316.00  113  01   53  00  
 53.00   314.00  111  01   53  00  
 52.00   312.00  108  01   52  00  
 53.00   316.00  113  01   53  00  
 53.00   314.00  111  01   53  00  
 52.00   313.00  109  01   52  00  
 52.00   313.00  109  01   52  00  
 53.00   317.00  114  01   53  00  
 53.00   314.00  111  01   53  00  
 52.00   314.00  110  01   52  00  
 53.00   318.00  115  01   53  00  
 53.00   314.00  111  01   53  00  
 53.00   314.00  111  01   53  00  
 54.00   317.00  115  01   54  00  
 53.00   314.00  111  01   53  00  
 53.00   315.00  112  01   53  00  
 53.00   315.00  112  01   53  00  
 54.00   318.00  116  01   54  00  
 53.00   314.00  111  01   53  00  
 53.00   316.00  113  01   53  00  
 54.00   318.00  116  01   54  00  
 52.00   315.00  111  01   52  00  
 53.00   317.00  114  01   53  00  
 53.00   319.00  116  01   53  00  
 53.00   319.00  116  01   53  00  
 53.00   318.00  115  01   53  00  
 53.00   319.00  116  01   53  00  
 52.00   315.00  111  01   52  00  
 53.00   319.00  116  01   53  00  
 53.00   319.00  116  01   53  00  
 53.00   318.00  115  01   53  00  
 52.00   315.00  111  01   52  00  
 54.00   319.00  117  01   54  00  
 53.00   319.00  116  01   53  00  
 53.00   317.00  114  01   53  00  
 54.00   321.00  119  01   54  00  
 54.00   321.00  119  01   54  00  
 53.00   319.00  116  01   53  00  
 53.00   317.00  114  01   53  00  
 54.00   320.00  118  01   54  00  
 53.00   317.00  114  01   53  00  
 53.00   317.00  114  01   53  00  
 53.00   317.00  114  01   53  00  
 54.00   320.00  118  01   54  00  
 53.00   316.00  113  01   53  00  
 53.00   317.00  114  01   53  00  
 54.00   320.00  118  01   54  00  
 53.00   316.00  113  01   53  00  
 53.00   318.00  115  01   53  00  
 53.00   318.00  115  01   53  00  
 54.00   320.00  118  01   54  00  
 53.00   316.00  113  01   53  00  
 53.00   318.00  115  01   53  00  
 54.00   319.00  117  01   54  00  
 53.00   315.00  112  01   53  00  
 53.00   319.00  116  01   53  00  
 53.00   319.00  116  01   53  00  
 53.00   320.00  117  01   53  00  
 53.00   316.00  113  01   53  00  
 53.00   320.00  117  01   53  00  
 53.00   320.00  117  01   53  00  
 53.00   316.00  113  01   53  00  
 53.00   316.00  113  01   53  00  
 54.00   320.00  118  01   54  00  
 53.00   319.00  116  01   53  00  
 53.00   316.00  113  01   53  00  
 54.00   320.00  118  01   54  00  
 53.00   318.00  115  01   53  00  
 53.00   316.00  113  01   53  00  
 54.00   320.00  118  01   54  00  
 53.00   317.00  114  01   53  00  
 53.00   317.00  114  01   53  00  
 53.00   317.00  114  01   53  00  
 54.00   320.00  118  01   54  00  
 53.00   317.00  114  01   53  00  
 53.00   317.00  114  01   53  00  
 54.00   320.00  118  01   54  00  
 53.00   316.00  113  01   53  00  
 53.00   318.00  115  01   53  00  
 53.00   318.00  115  01   53  00  
 54.00   320.00  118  01   54  00  
 53.00   316.00  113  01   53  00  
 53.00   318.00  115  01   53  00  
 54.00   320.00  118  01   54  00  
 53.00   316.00  113  01   53  00  
 53.00   320.00  117  01   53  00  
 53.00   320.00  117  01   53  00  
 54.00   320.00  118  01   54  00  
 53.00   316.00  113  01   53  00  
 53.00   320.00  117  01   53  00  
 54.00   319.00  117  01   54  00  
 53.00   316.00  113  01   53  00  
 53.00   316.00  113  01   53  00  
 54.00   320.00  118  01   54  00  
 53.00   320.00  117  01   53  00  
 53.00   317.00  114  01   53  00  
 54.00   320.00  118  01   54  00  
 53.00   319.00  116  01   53  00  
 53.00   317.00  114  01   53  00  
 53.00   317.00  114  01   53  00  
 54.00   321.00  119  01   54  00  
 53.00   319.00  116  01   53  00  
 53.00   318.00  115  01   53  00  
 54.00   322.00  120  01   54  00  
 53.00   320.00  117  01   53  00  
 53.00   320.00  117  01   53  00  
 53.00   320.00  117  01   53  00  
 54.00   323.00  121  01   54  00  
 53.00   319.00  116  01   53  00  
 53.00   320.00  117  01   53  00  
 54.00   323.00  121  01   54  00  
 53.00   319.00  116  01   53  00  
 53.00   321.00  118  01   53  00  
 53.00   321.00  118  01   53  00  
 54.00   322.00  120  01   54  00  
 53.00   318.00  115  01   53  00  
 54.00   320.00  118  01   54  00  
 54.00   322.00  120  01   54  00  
 53.00   318.00  115  01   53  00  
 53.00   318.00  115  01   53  00  
 54.00   321.00  119  01   54  00  
 54.00   321.00  119  01   54  00  
 53.00   318.00  115  01   53  00  
 54.00   322.00  120  01   54  00  
 54.00   321.00  119  01   54  00  
 53.00   318.00  115  01   53  00  
 53.00   318.00  115  01   53  00  
 54.00   322.00  120  01   54  00  
 53.00   321.00  118  01   53  00  
 53.00   318.00  115  01   53  00  
 54.00   321.00  119  01   54  00  
 53.00   319.00  116  01   53  00  
 53.00   317.00  114  01   53  00  
 53.00   317.00  114  01   53  00  
 54.00   321.00  119  01   54  00  
 53.00   318.00  115  01   53  00  
 53.00   318.00  115  01   53  00  
 54.00   321.00  119  01   54  00  
 53.00   318.00  115  01   53  00  
 53.00   318.00  115  01   53  00  
 53.00   319.00  116  01   53  00  
 54.00   322.00  120  01   54  00  
 53.00   318.00  115  01   53  00  
 53.00   319.00  116  01   53  00  
 54.00   321.00  119  01   54  00  
 53.00   317.00  114  01   53  00  
 53.00   317.00  114  01   53  00  
 53.00   320.00  117  01   53  00  
 54.00   321.00  119  01   54  00  
 53.00   317.00  114  01   53  00  
 53.00   320.00  117  01   53  00  
 54.00   320.00  118  01   54  00  
 53.00   317.00  114  01   53  00  
 53.00   317.00  114  01   53  00  
 53.00   321.00  118  01   53  00  
 53.00   321.00  118  01   53  00  
 53.00   317.00  114  01   53  00  
 54.00   321.00  119  01   54  00  
 53.00   320.00  117  01   53  00  
 53.00   317.00  114  01   53  00  
 53.00   317.00  114  01   53  00  
 54.00   321.00  119  01   54  00  
 53.00   320.00  117  01   53  00  
 53.00   317.00  114  01   53  00  
 54.00   321.00  119  01   54  00  
 53.00   319.00  116  01   53  00  
 53.00   319.00  116  01   53  00  
 53.00   318.00  115  01   53  00  
 54.00   322.00  120  01   54  00  
 53.00   319.00  116  01   53  00  
 53.00   319.00  116  01   53  00  
 54.00   322.00  120  01   54  00  
 53.00   319.00  116  01   53  00  
 53.00   319.00  116  01   53  00  
 53.00   320.00  117  01   53  00  
 54.00   322.00  120  01   54  00  
 53.00   317.00  114  01   53  00  
 53.00   320.00  117  01   53  00  
 54.00   321.00  119  01   54  00  
 53.00   317.00  114  01   53  00  
 53.00   317.00  114  01   53  00  
 53.00   320.00  117  01   53  00  
 54.00   321.00  119  01   54  00  
 53.00   317.00  114  01   53  00  
 53.00   321.00  118  01   53  00  
 54.00   320.00  118  01   54  00  
 53.00   317.00  114  01   53  00  
 53.00   317.00  114  01   53  00  
 54.00   320.00  118  01   54  00  
 53.00   320.00  117  01   53  00  
 53.00   317.00  114  01   53  00  
 54.00   321.00  119  01   54  00  
 53.00   320.00  117  01   53  00  
 53.00   320.00  117  01   53  00  
 53.00   318.00  115  01   53  00  
 54.00   322.00  120  01   54  00  
 53.00   320.00  117  01   53  00  
 53.00   319.00  116  01   53  00  
 54.00   322.00  120  01   54  00  
 53.00   319.00  116  01   53  00  
 53.00   319.00  116  01   53  00  
 53.00   319.00  116  01   53  00  
 54.00   322.00  120  01   54  00  
 53.00   319.00  116  01   53  00  
 53.00   320.00  117  01   53  00  
 54.00   323.00  121  01   54  00  
 53.00   319.00  116  01   53  00  
 53.00   319.00  116  01   53  00  
 53.00   321.00  118  01   53  00  
 54.00   323.00  121  01   54  00  
 53.00   319.00  116  01   53  00  
 53.00   322.00  119  01   53  00  
 54.00   322.00  120  01   54  00  
 53.00   318.00  115  01   53  00  
 53.00   318.00  115  01   53  00  
 54.00   321.00  119  01   54  00  
 54.00   321.00  119  01   54  00  
 53.00   318.00  115  01   53  00  
 54.00   321.00  119  01   54  00  
 53.00   321.00  118  01   53  00  
 53.00   321.00  118  01   53  00  
 53.00   318.00  115  01   53  00  
 54.00   322.00  120  01   54  00  
 53.00   321.00  118  01   53  00  
 53.00   318.00  115  01   53  00  
 54.00   322.00  120  01   54  00  
 53.00   321.00  118  01   53  00  
 53.00   321.00  118  01   53  00  
 53.00   319.00  116  01   53  00  
 54.00   323.00  121  01   54  00  
 53.00   321.00  118  01   53  00  
 53.00   320.00  117  01   53  00  
 54.00   323.00  121  01   54  00  
 53.00   320.00  117  01   53  00  
 53.00   320.00  117  01   53  00  
 53.00   321.00  118  01   53  00  
 54.00   324.00  122  01   54  00  
 53.00   320.00  117  01   53  00  
 53.00   322.00  119  01   53  00  
 54.00   324.00  122  01   54  00  
 53.00   325.00  122  01   53  00  
 53.00   320.00  117  01   53  00  
 53.00   323.00  120  01   53  00  
 54.00   323.00  121  01   54  00  
 53.00   320.00  117  01   53  00  
 54.00   322.00  120  01   54  00  
 54.00   322.00  120  01   54  00  
 54.00   322.00  120  01   54  00  
 53.00   319.00  116  01   53  00  
 53.00   322.00  119  01   53  00  
 53.00   322.00  119  01   53  00  
 52.00   319.00  115  01   52  00  
 53.00   322.00  119  01   53  00  
 53.00   321.00  118  01   53  00  
 53.00   321.00  118  01   53  00  
 53.00   318.00  115  01   53  00  
 54.00   323.00  121  01   54  00  
 53.00   324.00  121  01   53  00  
 53.00   322.00  119  01   53  00  
 54.00   326.00  124  01   54  00  
 54.00   323.00  121  01   54  00  
 54.00   323.00  121  01   54  00  
 53.00   323.00  120  01   53  00  
 54.00   327.00  125  01   54  00  
 53.00   324.00  121  01   53  00  
 53.00   324.00  121  01   53  00  
 54.00   327.00  125  01   54  00  
 53.00   323.00  120  01   53  00  
 53.00   323.00  120  01   53  00  
 54.00   327.00  125  01   54  00  
 53.00   323.00  120  01   53  00  
 54.00   324.00  122  01   54  00  
 54.00   326.00  124  01   54  00  
 54.00   326.00  124  01   54  00  
 53.00   322.00  119  01   53  00  
 54.00   324.00  122  01   54  00  
 54.00   325.00  123  01   54  00  
 53.00   322.00  119  01   53  00  
 54.00   325.00  123  01   54  00  
 54.00   325.00  123  01   54  00  
 54.00   325.00  123  01   54  00  
 53.00   321.00  118  01   53  00  
 54.00   325.00  123  01   54  00  
 54.00   324.00  122  01   54  00  
 53.00   321.00  118  01   53  00  
 54.00   325.00  123  01   54  00  
 53.00   324.00  121  01   53  00  
 53.00   324.00  121  01   53  00  
 53.00   321.00  118  01   53  00  
 54.00   325.00  123  01   54  00  
 53.00   323.00  120  01   53  00  
 53.00   322.00  119  01   53  00  
 54.00   326.00  124  01   54  00  
 53.00   323.00  120  01   53  00  
 53.00   323.00  120  01   53  00  
 53.00   322.00  119  01   53  00  
 54.00   325.00  123  01   54  00  
 53.00   322.00  119  01   53  00  
 53.00   323.00  120  01   53  00  
 54.00   325.00  123  01   54  00  
 53.00   322.00  119  01   53  00  
 53.00   324.00  121  01   53  00  
 53.00   324.00  121  01   53  00  
 54.00   325.00  123  01   54  00  
 53.00   321.00  118  01   53  00  
 53.00   324.00  121  01   53  00  
 54.00   324.00  122  01   54  00  
 53.00   321.00  118  01   53  00  
 54.00   324.00  122  01   54  00  
 54.00   324.00  122  01   54  00  
 54.00   324.00  122  01   54  00  
 53.00   321.00  118  01   53  00  
 54.00   324.00  122  01   54  00  
 54.00   323.00  121  01   54  00  
 53.00   321.00  118  01   53  00  
 54.00   324.00  122  01   54  00  
 53.00   325.00  122  01   53  00  
 53.00   323.00  120  01   53  00  
 53.00   321.00  118  01   53  00  
 54.00   324.00  122  01   54  00  
 53.00   323.00  120  01   53  00  
 53.00   321.00  118  01   53  00  
 54.00   325.00  123  01   54  00  
 53.00   322.00  119  01   53  00  
 53.00   322.00  119  01   53  00  
 53.00   322.00  119  01   53  00  
 54.00   325.00  123  01   54  00  
 53.00   322.00  119  01   53  00  
 53.00   322.00  119  01   53  00  
 54.00   325.00  123  01   54  00  
 53.00   321.00  118  01   53  00  
 53.00   321.00  118  01   53  00  
 53.00   323.00  120  01   53  00  
 54.00   325.00  123  01   54  00  
 53.00   321.00  118  01   53  00  
 53.00   323.00  120  01   53  00  
 54.00   325.00  123  01   54  00  
 53.00   321.00  118  01   53  00  
 53.00   321.00  118  01   53  00  
 54.00   323.00  121  01   54  00  
 54.00   324.00  122  01   54  00  
 53.00   321.00  118  01   53  00  
 54.00   324.00  122  01   54  00  
 54.00   324.00  122  01   54  00  
 53.00   322.00  119  01   53  00  
 53.00   322.00  119  01   53  00  
 54.00   325.00  123  01   54  00  
 54.00   324.00  122  01   54  00  
 53.00   322.00  119  01   53  00  
 54.00   326.00  124  01   54  00  
 53.00   325.00  122  01   53  00  
 53.00   323.00  120  01   53  00  
 54.00   322.00  120  01   54  00  
 54.00   327.00  125  01   54  00  
 53.00   324.00  121  01   53  00  
 53.00   323.00  120  01   53  00  
 54.00   326.00  124  01   54  00  
 53.00   323.00  120  01   53  00  
 53.00   323.00  120  01   53  00  
 54.00   326.00  124  01   54  00  
 53.00   327.00  124  01   53  00  
 53.00   322.00  119  01   53  00  
 53.00   323.00  120  01   53  00  
 54.00   325.00  123  01   54  00  
 53.00   322.00  119  01   53  00  
 53.00   324.00  121  01   53  00  
 54.00   325.00  123  01   54  00  
 53.00   321.00  118  01   53  00  
 53.00   321.00  118  01   53  00  
 53.00   324.00  121  01   53  00  
 54.00   324.00  122  01   54  00  
 53.00   321.00  118  01   53  00  
 53.00   324.00  121  01   53  00  
 53.00   323.00  120  01   53  00  
 53.00   319.00  116  01   53  00  
 53.00   319.00  116  01   53  00  
 53.00   323.00  120  01   53  00  
 53.00   323.00  120  01   53  00  
 53.00   319.00  116  01   53  00  
 54.00   323.00  121  01   54  00  
 53.00   322.00  119  01   53  00  
 53.00   320.00  117  01   53  00  
 53.00   320.00  117  01   53  00  
 54.00   324.00  122  01   54  00  
 53.00   322.00  119  01   53  00  
 53.00   321.00  118  01   53  00  
 54.00   325.00  123  01   54  00  
 53.00   322.00  119  01   53  00  
 53.00   321.00  118  01   53  00  
 53.00   321.00  118  01   53  00  
 54.00   324.00  122  01   54  00  
 53.00   321.00  118  01   53  00  
 53.00   322.00  119  01   53  00  
 54.00   324.00  122  01   54  00  
 53.00   321.00  118  01   53  00  
 53.00   323.00  120  01   53  00  
 54.00   324.00  122  01   54  00  
 54.00   324.00  122  01   54  00  
 53.00   320.00  117  01   53  00  
 53.00   323.00  120  01   53  00  
 54.00   323.00  121  01   54  00  
 53.00   320.00  117  01   53  00  
 53.00   324.00  121  01   53  00  
 53.00   325.00  122  01   53  00  
 53.00   325.00  122  01   53  00  
 53.00   321.00  118  01   53  00  
 53.00   325.00  122  01   53  00  
 53.00   324.00  121  01   53  00  
 53.00   320.00  117  01   53  00  
 53.00   325.00  122  01   53  00  
 53.00   323.00  120  01   53  00  
 53.00   323.00  120  01   53  00  
 53.00   320.00  117  01   53  00  
 54.00   324.00  122  01   54  00  
 53.00   322.00  119  01   53  00  
 53.00   320.00  117  01   53  00  
 53.00   324.00  121  01   53  00  
 53.00   321.00  118  01   53  00  
 53.00   321.00  118  01   53  00  
 53.00   320.00  117  01   53  00  
 54.00   324.00  122  01   54  00  
 53.00   321.00  118  01   53  00  
 53.00   321.00  118  01   53  00  
 54.00   324.00  122  01   54  00  
 53.00   320.00  117  01   53  00  
 53.00   320.00  117  01   53  00  
 53.00   321.00  118  01   53  00  
 53.00   324.00  121  01   53  00  
 53.00   320.00  117  01   53  00  
 53.00   322.00  119  01   53  00  
 53.00   325.00  122  01   53  00  
 53.00   320.00  117  01   53  00  
 53.00   320.00  117  01   53  00  
 53.00   323.00  120  01   53  00  
 53.00   324.00  121  01   53  00  
 52.00   321.00  117  01   52  00  
 53.00   324.00  121  01   53  00  
 53.00   324.00  121  01   53  00  
 52.00   321.00  117  01   52  00  
 53.00   324.00  121  01   53  00  
 53.00   324.00  121  01   53  00  
 52.00   321.00  117  01   52  00  
 52.00   321.00  117  01   52  00  
 53.00   324.00  121  01   53  00  
 53.00   322.00  119  01   53  00  
 52.00   321.00  117  01   52  00  
 53.00   325.00  122  01   53  00  
 53.00   322.00  119  01   53  00  
 52.00   321.00  117  01   52  00  
 52.00   321.00  117  01   52  00  
 53.00   324.00  121  01   53  00  
 53.00   320.00  117  01   53  00  
 52.00   321.00  117  01   52  00  
 53.00   323.00  120  01   53  00  
 52.00   320.00  116  01   52  00  
 53.00   319.00  116  01   53  00  
 53.00   319.00  116  01   53  00  
 53.00   323.00  120  01   53  00  
 52.00   319.00  115  01   52  00  
 53.00   320.00  117  01   53  00  
 53.00   323.00  120  01   53  00  
 52.00   319.00  115  01   52  00  
 53.00   322.00  119  01   53  00  
 53.00   322.00  119  01   53  00  
 53.00   323.00  120  01   53  00  
 52.00   320.00  116  01   52  00  
 53.00   322.00  119  01   53  00  
 53.00   323.00  120  01   53  00  
 52.00   320.00  116  01   52  00  
 53.00   323.00  120  01   53  00  
 53.00   322.00  119  01   53  00  
 53.00   322.00  119  01   53  00  
 52.00   320.00  116  01   52  00  
 53.00   324.00  121  01   53  00  
 53.00   322.00  119  01   53  00  
 52.00   321.00  117  01   52  00  
 53.00   324.00  121  01   53  00  
 53.00   322.00  119  01   53  00  
 53.00   322.00  119  01   53  00  
 53.00   320.00  117  01   53  00  
 53.00   325.00  122  01   53  00  
 53.00   321.00  118  01   53  00  
 53.00   321.00  118  01   53  00  
 54.00   324.00  122  01   54  00  
 53.00   325.00  122  01   53  00  
 53.00   321.00  118  01   53  00  
 53.00   321.00  118  01   53  00  
 54.00   324.00  122  01   54  00  
 53.00   320.00  117  01   53  00  
 53.00   322.00  119  01   53  00  
 53.00   325.00  122  01   53  00  
 53.00   325.00  122  01   53  00  
 53.00   320.00  117  01   53  00  
 53.00   323.00  120  01   53  00  
 53.00   325.00  122  01   53  00  
 53.00   321.00  118  01   53  00  
 53.00   324.00  121  01   53  00  
 53.00   325.00  122  01   53  00  
 53.00   325.00  122  01   53  00  
 53.00   321.00  118  01   53  00  
 53.00   325.00  122  01   53  00  
 53.00   325.00  122  01   53  00  
 53.00   321.00  118  01   53  00  
 54.00   325.00  123  01   54  00  
 53.00   325.00  122  01   53  00  
 53.00   325.00  122  01   53  00  
 53.00   322.00  119  01   53  00  
 54.00   325.00  123  01   54  00  
 53.00   324.00  121  01   53  00  
 53.00   322.00  119  01   53  00  
 54.00   326.00  124  01   54  00  
 53.00   324.00  121  01   53  00  
 53.00   324.00  121  01   53  00  
 53.00   322.00  119  01   53  00  
 54.00   326.00  124  01   54  00  
 53.00   323.00  120  01   53  00  
 53.00   323.00  120  01   53  00  
 54.00   326.00  124  01   54  00  
 53.00   323.00  120  01   53  00  
 53.00   323.00  120  01   53  00  
 53.00   324.00  121  01   53  00  
 54.00   327.00  125  01   54  00  
 53.00   323.00  120  01   53  00  
 53.00   325.00  122  01   53  00  
 54.00   327.00  125  01   54  00  
 53.00   323.00  120  01   53  00  
 53.00   323.00  120  01   53  00  
 53.00   326.00  123  01   53  00  
 54.00   326.00  124  01   54  00  
 53.00   322.00  119  01   53  00  
 54.00   325.00  123  01   54  00  
 54.00   325.00  123  01   54  00  
 53.00   322.00  119  01   53  00  
 53.00   322.00  119  01   53  00  
 54.00   325.00  123  01   54  00  
 53.00   326.00  123  01   53  00  
 53.00   323.00  120  01   53  00  
 54.00   326.00  124  01   54  00  
 53.00   325.00  122  01   53  00  
 53.00   323.00  120  01   53  00  
 53.00   323.00  120  01   53  00  
 54.00   326.00  124  01   54  00  
 53.00   325.00  122  01   53  00  
 53.00   323.00  120  01   53  00  
 54.00   327.00  125  01   54  00  
 53.00   324.00  121  01   53  00  
 53.00   324.00  121  01   53  00  
 54.00   327.00  125  01   54  00  
 54.00   327.00  125  01   54  00  
 53.00   324.00  121  01   53  00  
 53.00   324.00  121  01   53  00  
 54.00   327.00  125  01   54  00  
 53.00   324.00  121  01   53  00  
 53.00   325.00  122  01   53  00  
 54.00   327.00  125  01   54  00  
 54.00   327.00  125  01   54  00  
 53.00   323.00  120  01   53  00  
 53.00   326.00  123  01   53  00  
 54.00   327.00  125  01   54  00  
 53.00   323.00  120  01   53  00  
 54.00   325.00  123  01   54  00  
 54.00   326.00  124  01   54  00  
 54.00   326.00  124  01   54  00  
 53.00   323.00  120  01   53  00  
 54.00   326.00  124  01   54  00  
 54.00   326.00  124  01   54  00  
 53.00   323.00  120  01   53  00  
 54.00   327.00  125  01   54  00  
 54.00   325.00  123  01   54  00  
 54.00   325.00  123  01   54  00  
 53.00   324.00  121  01   53  00  
 54.00   327.00  125  01   54  00  
 53.00   326.00  123  01   53  00  
 53.00   324.00  121  01   53  00  
 54.00   328.00  126  01   54  00  
 53.00   325.00  122  01   53  00  
 53.00   325.00  122  01   53  00  
 53.00   325.00  122  01   53  00  
 54.00   328.00  126  01   54  00  
 53.00   325.00  122  01   53  00  
 53.00   325.00  122  01   53  00  
 54.00   328.00  126  01   54  00  
 53.00   324.00  121  01   53  00  
 53.00   326.00  123  01   53  00  
 53.00   326.00  123  01   53  00  
 54.00   328.00  126  01   54  00  
 53.00   324.00  121  01   53  00  
 53.00   326.00  123  01   53  00  
 54.00   328.00  126  01   54  00  
 53.00   325.00  122  01   53  00  
 54.00   327.00  125  01   54  00  
 54.00   327.00  125  01   54  00  
 54.00   328.00  126  01   54  00  
 53.00   325.00  122  01   53  00  
 54.00   327.00  125  01   54  00  
 54.00   327.00  125  01   54  00  
 53.00   324.00  121  01   53  00  
 54.00   328.00  126  01   54  00  
 54.00   328.00  126  01   54  00  
 54.00   327.00  125  01   54  00  
 53.00   325.00  122  01   53  00  
 54.00   329.00  127  01   54  00  
 54.00   327.00  125  01   54  00  
 53.00   325.00  122  01   53  00  
 54.00   329.00  127  01   54  00  
 54.00   329.00  127  01   54  00  
 53.00   327.00  124  01   53  00  
 53.00   326.00  123  01   53  00  
 54.00   329.00  127  01   54  00  
 53.00   326.00  123  01   53  00  
 53.00   326.00  123  01   53  00  
 54.00   329.00  127  01   54  00  
 53.00   330.00  127  01   53  00  
 53.00   326.00  123  01   53  00  
 54.00   329.00  127  01   54  00  
 54.00   329.00  127  01   54  00  
 53.00   325.00  122  01   53  00  
 54.00   326.00  124  01   54  00  
 54.00   329.00  127  01   54  00  
 53.00   325.00  122  01   53  00  
 54.00   327.00  125  01   54  00  
 54.00   328.00  126  01   54  00  
 54.00   328.00  126  01   54  00  
 53.00   324.00  121  01   53  00  
 54.00   327.00  125  01   54  00  
 54.00   327.00  125  01   54  00  
 53.00   324.00  121  01   53  00  
 54.00   327.00  125  01   54  00  
 54.00   327.00  125  01   54  00  
 54.00   326.00  124  01   54  00  
 53.00   324.00  121  01   53  00  
 54.00   327.00  125  01   54  00  
 54.00   326.00  124  01   54  00  
 53.00   324.00  121  01   53  00  
 54.00   328.00  126  01   54  00  
 54.00   328.00  126  01   54  00  
 53.00   327.00  124  01   53  00  
 53.00   325.00  122  01   53  00  
 54.00   329.00  127  01   54  00  
 53.00   327.00  124  01   53  00  
 53.00   326.00  123  01   53  00  
 54.00   330.00  128  01   54  00  
 54.00   330.00  128  01   54  00  
 53.00   326.00  123  01   53  00  
 53.00   326.00  123  01   53  00  
 54.00   329.00  127  01   54  00  
 53.00   325.00  122  01   53  00  
 53.00   326.00  123  01   53  00  
 54.00   325.00  123  01   54  00  
 54.00   328.00  126  01   54  00  
 53.00   325.00  122  01   53  00  
 54.00   326.00  124  01   54  00  
 54.00   328.00  126  01   54  00  
 53.00   324.00  121  01   53  00  
 54.00   327.00  125  01   54  00  
 54.00   327.00  125  01   54  00  
 54.00   328.00  126  01   54  00  
 53.00   324.00  121  01   53  00  
 54.00   327.00  125  01   54  00  
 54.00   328.00  126  01   54  00  
 53.00   325.00  122  01   53  00  
 54.00   329.00  127  01   54  00  
 54.00   329.00  127  01   54  00  
 54.00   328.00  126  01   54  00  
 53.00   326.00  123  01   53  00  
 54.00   329.00  127  01   54  00  
 54.00   327.00  125  01   54  00  
 53.00   326.00  123  01   53  00  
 54.00   330.00  128  01   54  00  
 54.00   330.00  128  01   54  00  
 54.00   327.00  125  01   54  00  
 53.00   326.00  123  01   53  00  
 54.00   329.00  127  01   54  00  
 53.00   326.00  123  01   53  00  
 53.00   326.00  123  01   53  00  
 53.00   326.00  123  01   53  00  
 54.00   329.00  127  01   54  00  
 53.00   326.00  123  01   53  00  
 53.00   327.00  124  01   53  00  
 54.00   329.00  127  01   54  00  
 53.00   326.00  123  01   53  00  
 54.00   327.00  125  01   54  00  
 54.00   327.00  125  01   54  00  
 54.00   329.00  127  01   54  00  
 53.00   325.00  122  01   53  00  
 54.00   327.00  125  01   54  00  
 54.00   329.00  127  01   54  00  
 53.00   325.00  122  01   53  00  
 54.00   328.00  126  01   54  00  
 54.00   328.00  126  01   54  00  
 54.00   328.00  126  01   54  00  
 53.00   325.00  122  01   53  00  
 54.00   328.00  126  01   54  00  
 54.00   328.00  126  01   54  00  
 53.00   325.00  122  01   53  00  
 54.00   329.00  127  01   54  00  
 54.00   329.00  127  01   54  00  
 54.00   327.00  125  01   54  00  
 53.00   326.00  123  01   53  00  
 54.00   330.00  128  01   54  00  
 54.00   327.00  125  01   54  00  
 53.00   326.00  123  01   53  00  
 54.00   330.00  128  01   54  00  
 54.00   330.00  128  01   54  00  
 53.00   328.00  125  01   53  00  
 53.00   327.00  124  01   53  00  
 54.00   330.00  128  01   54  00  
 53.00   327.00  124  01   53  00  
 53.00   328.00  125  01   53  00  
 54.00   331.00  129  01   54  00  
 54.00   331.00  129  01   54  00  
 53.00   327.00  124  01   53  00  
 54.00   327.00  125  01   54  00  
 54.00   330.00  128  01   54  00  
 53.00   326.00  123  01   53  00  
 54.00   328.00  126  01   54  00  
 54.00   328.00  126  01   54  00  
 54.00   330.00  128  01   54  00  
 53.00   326.00  123  01   53  00  
 54.00   328.00  126  01   54  00  
 54.00   329.00  127  01   54  00  
 53.00   325.00  122  01   53  00  
 54.00   328.00  126  01   54  00  
 54.00   328.00  126  01   54  00  
 54.00   328.00  126  01   54  00  
 53.00   325.00  122  01   53  00  
 54.00   328.00  126  01   54  00  
 54.00   327.00  125  01   54  00  
 53.00   325.00  122  01   53  00  
 54.00   329.00  127  01   54  00  
 54.00   329.00  127  01   54  00  
 54.00   327.00  125  01   54  00  
 53.00   326.00  123  01   53  00  
 54.00   330.00  128  01   54  00  
 54.00   327.00  125  01   54  00  
 53.00   327.00  124  01   53  00  
 54.00   330.00  128  01   54  00  
 53.00   327.00  124  01   53  00  
 53.00   327.00  124  01   53  00  
 53.00   327.00  124  01   53  00  
 54.00   329.00  127  01   54  00  
 53.00   325.00  122  01   53  00  
 53.00   325.00  122  01   53  00  
 54.00   327.00  125  01   54  00  
 53.00   324.00  121  01   53  00  
 53.00   324.00  121  01   53  00  
 53.00   326.00  123  01   53  00  
 54.00   327.00  125  01   54  00  
 53.00   323.00  120  01   53  00  
 53.00   326.00  123  01   53  00  
 54.00   326.00  124  01   54  00  
 53.00   323.00  120  01   53  00  
 53.00   323.00  120  01   53  00  
 54.00   326.00  124  01   54  00  
 54.00   327.00  125  01   54  00  
 53.00   324.00  121  01   53  00  
 54.00   328.00  126  01   54  00  
 54.00   327.00  125  01   54  00  
 53.00   324.00  121  01   53  00  
 53.00   324.00  121  01   53  00  
 54.00   328.00  126  01   54  00  
 53.00   327.00  124  01   53  00  
 53.00   325.00  122  01   53  00  
 54.00   329.00  127  01   54  00  
 53.00   327.00  124  01   53  00  
 53.00   326.00  123  01   53  00  
 54.00   329.00  127  01   54  00  
 53.00   330.00  127  01   53  00  
 53.00   327.00  124  01   53  00  
 53.00   326.00  123  01   53  00  
 54.00   329.00  127  01   54  00  
 53.00   326.00  123  01   53  00  
 53.00   327.00  124  01   53  00  
 54.00   329.00  127  01   54  00  
 54.00   329.00  127  01   54  00  
 53.00   325.00  122  01   53  00  
 53.00   327.00  124  01   53  00  
 54.00   329.00  127  01   54  00  
 53.00   325.00  122  01   53  00  
 54.00   327.00  125  01   54  00  
 54.00   328.00  126  01   54  00  
 54.00   328.00  126  01   54  00  
 53.00   324.00  121  01   53  00  
 54.00   327.00  125  01   54  00  
 54.00   327.00  125  01   54  00  
 53.00   324.00  121  01   53  00  
 54.00   327.00  125  01   54  00  
 54.00   327.00  125  01   54  00  
 54.00   327.00  125  01   54  00  
 53.00   324.00  121  01   53  00  
 54.00   328.00  126  01   54  00  
 54.00   327.00  125  01   54  00  
 53.00   325.00  122  01   53  00  
 54.00   328.00  126  01   54  00  
 54.00   328.00  126  01   54  00  
 53.00   327.00  124  01   53  00  
 53.00   325.00  122  01   53  00  
 54.00   329.00  127  01   54  00  
 53.00   327.00  124  01   53  00  
 53.00   326.00  123  01   53  00  
 54.00   329.00  127  01   54  00  
 53.00   326.00  123  01   53  00  
 53.00   326.00  123  01   53  00  
 53.00   326.00  123  01   53  00  
 54.00   329.00  127  01   54  00  
 53.00   326.00  123  01   53  00  
 53.00   327.00  124  01   53  00  
 54.00   329.00  127  01   54  00  
 53.00   325.00  122  01   53  00  
 53.00   325.00  122  01   53  00  
 53.00   327.00  124  01   53  00  
 54.00   328.00  126  01   54  00  
 53.00   325.00  122  01   53  00  
 53.00   327.00  124  01   53  00  
 54.00   328.00  126  01   54  00  
 53.00   324.00  121  01   53  00  
 53.00   324.00  121  01   53  00  
 54.00   327.00  125  01   54  00  
 54.00   327.00  125  01   54  00  
 53.00   324.00  121  01   53  00  
 54.00   328.00  126  01   54  00  
 54.00   327.00  125  01   54  00  
 53.00   324.00  121  01   53  00  
 54.00   323.00  121  01   54  00  
 54.00   328.00  126  01   54  00  
 53.00   327.00  124  01   53  00  
 53.00   325.00  122  01   53  00  
 54.00   328.00  126  01   54  00  
 53.00   327.00  124  01   53  00  
 53.00   325.00  122  01   53  00  
 54.00   329.00  127  01   54  00  
 54.00   329.00  127  01   54  00  
 53.00   326.00  123  01   53  00  
 53.00   326.00  123  01   53  00  
 54.00   329.00  127  01   54  00  
 53.00   326.00  123  01   53  00  
 53.00   326.00  123  01   53  00  
 54.00   329.00  127  01   54  00  
 54.00   329.00  127  01   54  00  
 53.00   325.00  122  01   53  00  
 53.00   327.00  124  01   53  00  
 54.00   329.00  127  01   54  00  
 53.00   325.00  122  01   53  00  
 53.00   328.00  125  01   53  00  
 54.00   328.00  126  01   54  00  
 54.00   328.00  126  01   54  00  
 53.00   325.00  122  01   53  00  
 54.00   327.00  125  01   54  00  
 54.00   328.00  126  01   54  00  
 53.00   325.00  122  01   53  00  
 54.00   328.00  126  01   54  00  
 54.00   328.00  126  01   54  00  
 54.00   328.00  126  01   54  00  
 53.00   326.00  123  01   53  00  
 54.00   329.00  127  01   54  00  
 54.00   328.00  126  01   54  00  
 53.00   326.00  123  01   53  00  
 54.00   329.00  127  01   54  00  
 53.00   327.00  124  01   53  00  
 53.00   325.00  122  01   53  00  
 53.00   325.00  122  01   53  00  
 54.00   329.00  127  01   54  00  
 53.00   327.00  124  01   53  00  
 53.00   326.00  123  01   53  00  
 54.00   330.00  128  01   54  00  
 53.00   327.00  124  01   53  00  
 53.00   327.00  124  01   53  00  
 53.00   327.00  124  01   53  00  
 54.00   330.00  128  01   54  00  
 53.00   326.00  123  01   53  00  
 53.00   328.00  125  01   53  00  
 54.00   330.00  128  01   54  00  
 53.00   326.00  123  01   53  00  
 53.00   328.00  125  01   53  00  
 53.00   328.00  125  01   53  00  
 54.00   329.00  127  01   54  00  
