 0.00   0.00  00  00   00  00  
 20.00   117.00  137  00   20  00  
 20.00   117.00  137  00   20  00  
 20.00   118.00  138  00   20  00  
 20.00   118.00  138  00   20  00  
 20.00   119.00  139  00   20  00  
 20.00   119.00  139  00   20  00  
 20.00   120.00  140  00   20  00  
 20.00   120.00  140  00   20  00  
 21.00   120.00  141  00   21  00  
 21.00   120.00  141  00   21  00  
 21.00   121.00  142  00   21  00  
 21.00   121.00  142  00   21  00  
 21.00   122.00  143  00   21  00  
 21.00   122.00  143  00   21  00  
 21.00   123.00  144  00   21  00  
 21.00   123.00  144  00   21  00  
 21.00   123.00  144  00   21  00  
 21.00   122.00  143  00   21  00  
 21.00   122.00  143  00   21  00  
 21.00   123.00  144  00   21  00  
 21.00   123.00  144  00   21  00  
 21.00   123.00  144  00   21  00  
 21.00   123.00  144  00   21  00  
 21.00   124.00  145  00   21  00  
 21.00   124.00  145  00   21  00  
 21.00   125.00  146  00   21  00  
 21.00   125.00  146  00   21  00  
 21.00   126.00  147  00   21  00  
 21.00   126.00  147  00   21  00  
 21.00   125.00  146  00   21  00  
 21.00   125.00  146  00   21  00  
 21.00   125.00  146  00   21  00  
 21.00   125.00  146  00   21  00  
 21.00   125.00  146  00   21  00  
 21.00   125.00  146  00   21  00  
 21.00   125.00  146  00   21  00  
 21.00   126.00  147  00   21  00  
 21.00   126.00  147  00   21  00  
 21.00   123.00  144  00   21  00  
 21.00   123.00  144  00   21  00  
 21.00   123.00  144  00   21  00  
 21.00   123.00  144  00   21  00  
 21.00   122.00  143  00   21  00  
 21.00   122.00  143  00   21  00  
 21.00   122.00  143  00   21  00  
 21.00   122.00  143  00   21  00  
 21.00   122.00  143  00   21  00  
 21.00   122.00  143  00   21  00  
 21.00   122.00  143  00   21  00  
 21.00   122.00  143  00   21  00  
 21.00   122.00  143  00   21  00  
 21.00   123.00  144  00   21  00  
 21.00   123.00  144  00   21  00  
 21.00   123.00  144  00   21  00  
 21.00   123.00  144  00   21  00  
 21.00   123.00  144  00   21  00  
 21.00   123.00  144  00   21  00  
 21.00   123.00  144  00   21  00  
 21.00   123.00  144  00   21  00  
 21.00   123.00  144  00   21  00  
 21.00   123.00  144  00   21  00  
 21.00   123.00  144  00   21  00  
 21.00   123.00  144  00   21  00  
 21.00   124.00  145  00   21  00  
 21.00   124.00  145  00   21  00  
 21.00   124.00  145  00   21  00  
 21.00   124.00  145  00   21  00  
 21.00   125.00  146  00   21  00  
 21.00   125.00  146  00   21  00  
 21.00   125.00  146  00   21  00  
 21.00   126.00  147  00   21  00  
 21.00   126.00  147  00   21  00  
 21.00   125.00  146  00   21  00  
 21.00   125.00  146  00   21  00  
 21.00   126.00  147  00   21  00  
 21.00   126.00  147  00   21  00  
 21.00   126.00  147  00   21  00  
 21.00   126.00  147  00   21  00  
 21.00   127.00  148  00   21  00  
 21.00   127.00  148  00   21  00  
 21.00   127.00  148  00   21  00  
 21.00   127.00  148  00   21  00  
 21.00   128.00  149  00   21  00  
 21.00   128.00  149  00   21  00  
 21.00   128.00  149  00   21  00  
 21.00   128.00  149  00   21  00  
 21.00   128.00  149  00   21  00  
 21.00   128.00  149  00   21  00  
 21.00   128.00  149  00   21  00  
 21.00   129.00  150  00   21  00  
 21.00   129.00  150  00   21  00  
 21.00   129.00  150  00   21  00  
 21.00   129.00  150  00   21  00  
 22.00   128.00  150  00   22  00  
 22.00   128.00  150  00   22  00  
 22.00   129.00  151  00   22  00  
 22.00   129.00  151  00   22  00  
 22.00   129.00  151  00   22  00  
 22.00   129.00  151  00   22  00  
 22.00   129.00  151  00   22  00  
 22.00   130.00  152  00   22  00  
 22.00   130.00  152  00   22  00  
 22.00   129.00  151  00   22  00  
 22.00   129.00  151  00   22  00  
 22.00   129.00  151  00   22  00  
 22.00   129.00  151  00   22  00  
 22.00   129.00  151  00   22  00  
 22.00   129.00  151  00   22  00  
 22.00   129.00  151  00   22  00  
 22.00   129.00  151  00   22  00  
 22.00   130.00  152  00   22  00  
 22.00   130.00  152  00   22  00  
 22.00   130.00  152  00   22  00  
 22.00   130.00  152  00   22  00  
 22.00   130.00  152  00   22  00  
 22.00   130.00  152  00   22  00  
 22.00   130.00  152  00   22  00  
 22.00   130.00  152  00   22  00  
 22.00   130.00  152  00   22  00  
 22.00   130.00  152  00   22  00  
 22.00   130.00  152  00   22  00  
 22.00   130.00  152  00   22  00  
 22.00   130.00  152  00   22  00  
 22.00   131.00  153  00   22  00  
 22.00   131.00  153  00   22  00  
 22.00   131.00  153  00   22  00  
 22.00   131.00  153  00   22  00  
 22.00   131.00  153  00   22  00  
 22.00   131.00  153  00   22  00  
 22.00   132.00  154  00   22  00  
 22.00   132.00  154  00   22  00  
 22.00   132.00  154  00   22  00  
 22.00   132.00  154  00   22  00  
 22.00   132.00  154  00   22  00  
 22.00   132.00  154  00   22  00  
 22.00   132.00  154  00   22  00  
 22.00   132.00  154  00   22  00  
 22.00   132.00  154  00   22  00  
 22.00   132.00  154  00   22  00  
 22.00   132.00  154  00   22  00  
 22.00   132.00  154  00   22  00  
 22.00   132.00  154  00   22  00  
 22.00   133.00  155  00   22  00  
 22.00   133.00  155  00   22  00  
 22.00   133.00  155  00   22  00  
 22.00   133.00  155  00   22  00  
 22.00   133.00  155  00   22  00  
 22.00   133.00  155  00   22  00  
 22.00   133.00  155  00   22  00  
 22.00   133.00  155  00   22  00  
 22.00   133.00  155  00   22  00  
 22.00   133.00  155  00   22  00  
 22.00   133.00  155  00   22  00  
 22.00   133.00  155  00   22  00  
 22.00   133.00  155  00   22  00  
 22.00   133.00  155  00   22  00  
 22.00   133.00  155  00   22  00  
 22.00   133.00  155  00   22  00  
 22.00   133.00  155  00   22  00  
 22.00   133.00  155  00   22  00  
 22.00   133.00  155  00   22  00  
 22.00   133.00  155  00   22  00  
 22.00   133.00  155  00   22  00  
 22.00   133.00  155  00   22  00  
 22.00   133.00  155  00   22  00  
 22.00   133.00  155  00   22  00  
 22.00   133.00  155  00   22  00  
 22.00   133.00  155  00   22  00  
 22.00   133.00  155  00   22  00  
 22.00   133.00  155  00   22  00  
 22.00   133.00  155  00   22  00  
 22.00   133.00  155  00   22  00  
 22.00   133.00  155  00   22  00  
 22.00   133.00  155  00   22  00  
 22.00   133.00  155  00   22  00  
 22.00   133.00  155  00   22  00  
 22.00   133.00  155  00   22  00  
 22.00   133.00  155  00   22  00  
 22.00   132.00  154  00   22  00  
 22.00   132.00  154  00   22  00  
 22.00   133.00  155  00   22  00  
 22.00   133.00  155  00   22  00  
 22.00   133.00  155  00   22  00  
 22.00   133.00  155  00   22  00  
 22.00   133.00  155  00   22  00  
 22.00   133.00  155  00   22  00  
 22.00   133.00  155  00   22  00  
 22.00   133.00  155  00   22  00  
 22.00   133.00  155  00   22  00  
 22.00   133.00  155  00   22  00  
 22.00   133.00  155  00   22  00  
 22.00   133.00  155  00   22  00  
 22.00   133.00  155  00   22  00  
 22.00   133.00  155  00   22  00  
 22.00   133.00  155  00   22  00  
 22.00   133.00  155  00   22  00  
 22.00   133.00  155  00   22  00  
 22.00   133.00  155  00   22  00  
 22.00   133.00  155  00   22  00  
 22.00   133.00  155  00   22  00  
 22.00   133.00  155  00   22  00  
 22.00   134.00  156  00   22  00  
 22.00   134.00  156  00   22  00  
 22.00   134.00  156  00   22  00  
 22.00   134.00  156  00   22  00  
 22.00   134.00  156  00   22  00  
 22.00   134.00  156  00   22  00  
 22.00   134.00  156  00   22  00  
 22.00   134.00  156  00   22  00  
 22.00   134.00  156  00   22  00  
 22.00   134.00  156  00   22  00  
 22.00   134.00  156  00   22  00  
 22.00   134.00  156  00   22  00  
 22.00   134.00  156  00   22  00  
 22.00   134.00  156  00   22  00  
 22.00   134.00  156  00   22  00  
 22.00   134.00  156  00   22  00  
 22.00   134.00  156  00   22  00  
 22.00   135.00  157  00   22  00  
 22.00   135.00  157  00   22  00  
 22.00   135.00  157  00   22  00  
 22.00   135.00  157  00   22  00  
 22.00   135.00  157  00   22  00  
 22.00   135.00  157  00   22  00  
 22.00   135.00  157  00   22  00  
 22.00   135.00  157  00   22  00  
 22.00   135.00  157  00   22  00  
 22.00   135.00  157  00   22  00  
 22.00   135.00  157  00   22  00  
 22.00   135.00  157  00   22  00  
 22.00   135.00  157  00   22  00  
 22.00   135.00  157  00   22  00  
 22.00   135.00  157  00   22  00  
 22.00   135.00  157  00   22  00  
 22.00   135.00  157  00   22  00  
 22.00   135.00  157  00   22  00  
 22.00   135.00  157  00   22  00  
 22.00   135.00  157  00   22  00  
 22.00   135.00  157  00   22  00  
 22.00   135.00  157  00   22  00  
 22.00   135.00  157  00   22  00  
 22.00   135.00  157  00   22  00  
 22.00   135.00  157  00   22  00  
 22.00   135.00  157  00   22  00  
 22.00   135.00  157  00   22  00  
 22.00   135.00  157  00   22  00  
 22.00   135.00  157  00   22  00  
 22.00   135.00  157  00   22  00  
 22.00   135.00  157  00   22  00  
 22.00   135.00  157  00   22  00  
 22.00   135.00  157  00   22  00  
 22.00   135.00  157  00   22  00  
 22.00   135.00  157  00   22  00  
 22.00   135.00  157  00   22  00  
 22.00   135.00  157  00   22  00  
 22.00   135.00  157  00   22  00  
 22.00   135.00  157  00   22  00  
 22.00   135.00  157  00   22  00  
 22.00   135.00  157  00   22  00  
 22.00   135.00  157  00   22  00  
 22.00   135.00  157  00   22  00  
 22.00   135.00  157  00   22  00  
 22.00   135.00  157  00   22  00  
 22.00   135.00  157  00   22  00  
 22.00   135.00  157  00   22  00  
 22.00   135.00  157  00   22  00  
 22.00   135.00  157  00   22  00  
 22.00   135.00  157  00   22  00  
 22.00   135.00  157  00   22  00  
 22.00   135.00  157  00   22  00  
 22.00   135.00  157  00   22  00  
 22.00   135.00  157  00   22  00  
 22.00   135.00  157  00   22  00  
 22.00   135.00  157  00   22  00  
 22.00   135.00  157  00   22  00  
 22.00   135.00  157  00   22  00  
 22.00   135.00  157  00   22  00  
 22.00   135.00  157  00   22  00  
 22.00   135.00  157  00   22  00  
 22.00   135.00  157  00   22  00  
 22.00   134.00  156  00   22  00  
 22.00   134.00  156  00   22  00  
 22.00   134.00  156  00   22  00  
 22.00   134.00  156  00   22  00  
 22.00   133.00  155  00   22  00  
 22.00   133.00  155  00   22  00  
 22.00   133.00  155  00   22  00  
 22.00   133.00  155  00   22  00  
 22.00   133.00  155  00   22  00  
 22.00   133.00  155  00   22  00  
 22.00   133.00  155  00   22  00  
 22.00   133.00  155  00   22  00  
 22.00   133.00  155  00   22  00  
 22.00   134.00  156  00   22  00  
 22.00   134.00  156  00   22  00  
 22.00   134.00  156  00   22  00  
 22.00   134.00  156  00   22  00  
 22.00   134.00  156  00   22  00  
 22.00   134.00  156  00   22  00  
 22.00   134.00  156  00   22  00  
 22.00   134.00  156  00   22  00  
 22.00   133.00  155  00   22  00  
 22.00   133.00  155  00   22  00  
 22.00   134.00  156  00   22  00  
 22.00   134.00  156  00   22  00  
 22.00   134.00  156  00   22  00  
 22.00   134.00  156  00   22  00  
 22.00   134.00  156  00   22  00  
 22.00   134.00  156  00   22  00  
 22.00   134.00  156  00   22  00  
 22.00   135.00  157  00   22  00  
 22.00   135.00  157  00   22  00  
 22.00   135.00  157  00   22  00  
 22.00   135.00  157  00   22  00  
 22.00   135.00  157  00   22  00  
 22.00   135.00  157  00   22  00  
 22.00   134.00  156  00   22  00  
 22.00   134.00  156  00   22  00  
 22.00   134.00  156  00   22  00  
 22.00   134.00  156  00   22  00  
 22.00   134.00  156  00   22  00  
 22.00   134.00  156  00   22  00  
 22.00   134.00  156  00   22  00  
 22.00   134.00  156  00   22  00  
 22.00   134.00  156  00   22  00  
 22.00   134.00  156  00   22  00  
 22.00   134.00  156  00   22  00  
 22.00   134.00  156  00   22  00  
 22.00   134.00  156  00   22  00  
 22.00   134.00  156  00   22  00  
 22.00   134.00  156  00   22  00  
 22.00   134.00  156  00   22  00  
 22.00   134.00  156  00   22  00  
 22.00   134.00  156  00   22  00  
 22.00   134.00  156  00   22  00  
 22.00   134.00  156  00   22  00  
 22.00   134.00  156  00   22  00  
 22.00   134.00  156  00   22  00  
 22.00   134.00  156  00   22  00  
 22.00   134.00  156  00   22  00  
 22.00   135.00  157  00   22  00  
 22.00   135.00  157  00   22  00  
 22.00   135.00  157  00   22  00  
 22.00   135.00  157  00   22  00  
 22.00   135.00  157  00   22  00  
 22.00   135.00  157  00   22  00  
 22.00   134.00  156  00   22  00  
 22.00   134.00  156  00   22  00  
 22.00   134.00  156  00   22  00  
 22.00   134.00  156  00   22  00  
 22.00   135.00  157  00   22  00  
 22.00   135.00  157  00   22  00  
 22.00   135.00  157  00   22  00  
 22.00   135.00  157  00   22  00  
 22.00   135.00  157  00   22  00  
 22.00   135.00  157  00   22  00  
 22.00   135.00  157  00   22  00  
 22.00   135.00  157  00   22  00  
 22.00   135.00  157  00   22  00  
 22.00   135.00  157  00   22  00  
 22.00   135.00  157  00   22  00  
 22.00   134.00  156  00   22  00  
 22.00   134.00  156  00   22  00  
 22.00   134.00  156  00   22  00  
 22.00   134.00  156  00   22  00  
 22.00   135.00  157  00   22  00  
 22.00   135.00  157  00   22  00  
 22.00   135.00  157  00   22  00  
 22.00   135.00  157  00   22  00  
 22.00   135.00  157  00   22  00  
 22.00   135.00  157  00   22  00  
 22.00   135.00  157  00   22  00  
 22.00   135.00  157  00   22  00  
 22.00   135.00  157  00   22  00  
 22.00   135.00  157  00   22  00  
 22.00   135.00  157  00   22  00  
 22.00   135.00  157  00   22  00  
 22.00   135.00  157  00   22  00  
 22.00   135.00  157  00   22  00  
 22.00   135.00  157  00   22  00  
 22.00   135.00  157  00   22  00  
 22.00   135.00  157  00   22  00  
 22.00   135.00  157  00   22  00  
 22.00   135.00  157  00   22  00  
 22.00   135.00  157  00   22  00  
 22.00   135.00  157  00   22  00  
 22.00   136.00  158  00   22  00  
 22.00   136.00  158  00   22  00  
 22.00   136.00  158  00   22  00  
 22.00   135.00  157  00   22  00  
 22.00   135.00  157  00   22  00  
 22.00   135.00  157  00   22  00  
 22.00   135.00  157  00   22  00  
 22.00   135.00  157  00   22  00  
 22.00   135.00  157  00   22  00  
 22.00   135.00  157  00   22  00  
 22.00   135.00  157  00   22  00  
 22.00   135.00  157  00   22  00  
 22.00   135.00  157  00   22  00  
 22.00   135.00  157  00   22  00  
 22.00   135.00  157  00   22  00  
 22.00   136.00  158  00   22  00  
 22.00   136.00  158  00   22  00  
 22.00   136.00  158  00   22  00  
 22.00   135.00  157  00   22  00  
 22.00   135.00  157  00   22  00  
 22.00   135.00  157  00   22  00  
 22.00   135.00  157  00   22  00  
 22.00   135.00  157  00   22  00  
 22.00   135.00  157  00   22  00  
 22.00   135.00  157  00   22  00  
 22.00   135.00  157  00   22  00  
 22.00   135.00  157  00   22  00  
 22.00   135.00  157  00   22  00  
 22.00   135.00  157  00   22  00  
 22.00   135.00  157  00   22  00  
 22.00   135.00  157  00   22  00  
 22.00   135.00  157  00   22  00  
 22.00   135.00  157  00   22  00  
 22.00   135.00  157  00   22  00  
 22.00   135.00  157  00   22  00  
 22.00   135.00  157  00   22  00  
 22.00   135.00  157  00   22  00  
 22.00   135.00  157  00   22  00  
 22.00   135.00  157  00   22  00  
 22.00   135.00  157  00   22  00  
 22.00   135.00  157  00   22  00  
 22.00   136.00  158  00   22  00  
 22.00   136.00  158  00   22  00  
 22.00   136.00  158  00   22  00  
 22.00   136.00  158  00   22  00  
 22.00   135.00  157  00   22  00  
 22.00   135.00  157  00   22  00  
 22.00   135.00  157  00   22  00  
 22.00   135.00  157  00   22  00  
 22.00   135.00  157  00   22  00  
 22.00   135.00  157  00   22  00  
 22.00   135.00  157  00   22  00  
 22.00   135.00  157  00   22  00  
 22.00   135.00  157  00   22  00  
 22.00   135.00  157  00   22  00  
 22.00   135.00  157  00   22  00  
 22.00   135.00  157  00   22  00  
 22.00   135.00  157  00   22  00  
 22.00   135.00  157  00   22  00  
 22.00   135.00  157  00   22  00  
 22.00   135.00  157  00   22  00  
 22.00   135.00  157  00   22  00  
 22.00   135.00  157  00   22  00  
 22.00   135.00  157  00   22  00  
 22.00   135.00  157  00   22  00  
 22.00   135.00  157  00   22  00  
 22.00   135.00  157  00   22  00  
 22.00   135.00  157  00   22  00  
 22.00   135.00  157  00   22  00  
 22.00   136.00  158  00   22  00  
 22.00   136.00  158  00   22  00  
 22.00   136.00  158  00   22  00  
 22.00   136.00  158  00   22  00  
 22.00   135.00  157  00   22  00  
 22.00   135.00  157  00   22  00  
 22.00   135.00  157  00   22  00  
 22.00   135.00  157  00   22  00  
 22.00   135.00  157  00   22  00  
 22.00   135.00  157  00   22  00  
 22.00   135.00  157  00   22  00  
 22.00   135.00  157  00   22  00  
 22.00   135.00  157  00   22  00  
 22.00   135.00  157  00   22  00  
 22.00   135.00  157  00   22  00  
 22.00   135.00  157  00   22  00  
 22.00   135.00  157  00   22  00  
 22.00   135.00  157  00   22  00  
 22.00   135.00  157  00   22  00  
 22.00   135.00  157  00   22  00  
 22.00   135.00  157  00   22  00  
 22.00   135.00  157  00   22  00  
 22.00   135.00  157  00   22  00  
 22.00   135.00  157  00   22  00  
 22.00   135.00  157  00   22  00  
 22.00   135.00  157  00   22  00  
 22.00   135.00  157  00   22  00  
 22.00   135.00  157  00   22  00  
 22.00   135.00  157  00   22  00  
 22.00   136.00  158  00   22  00  
 22.00   136.00  158  00   22  00  
 22.00   136.00  158  00   22  00  
 22.00   136.00  158  00   22  00  
 22.00   136.00  158  00   22  00  
 22.00   136.00  158  00   22  00  
 22.00   136.00  158  00   22  00  
 22.00   135.00  157  00   22  00  
 22.00   135.00  157  00   22  00  
 22.00   136.00  158  00   22  00  
 22.00   136.00  158  00   22  00  
 22.00   136.00  158  00   22  00  
 22.00   136.00  158  00   22  00  
 22.00   136.00  158  00   22  00  
 22.00   136.00  158  00   22  00  
 22.00   136.00  158  00   22  00  
 22.00   136.00  158  00   22  00  
 22.00   136.00  158  00   22  00  
 22.00   136.00  158  00   22  00  
 22.00   136.00  158  00   22  00  
 22.00   136.00  158  00   22  00  
 22.00   136.00  158  00   22  00  
 22.00   136.00  158  00   22  00  
 22.00   136.00  158  00   22  00  
 22.00   136.00  158  00   22  00  
 22.00   136.00  158  00   22  00  
 22.00   137.00  159  00   22  00  
 22.00   137.00  159  00   22  00  
 22.00   137.00  159  00   22  00  
 22.00   137.00  159  00   22  00  
 22.00   137.00  159  00   22  00  
 22.00   137.00  159  00   22  00  
 22.00   137.00  159  00   22  00  
 22.00   137.00  159  00   22  00  
 22.00   137.00  159  00   22  00  
 22.00   138.00  160  00   22  00  
 22.00   138.00  160  00   22  00  
 22.00   137.00  159  00   22  00  
 22.00   137.00  159  00   22  00  
 22.00   137.00  159  00   22  00  
 22.00   137.00  159  00   22  00  
 22.00   137.00  159  00   22  00  
 22.00   137.00  159  00   22  00  
 22.00   138.00  160  00   22  00  
 22.00   138.00  160  00   22  00  
 23.00   137.00  160  00   23  00  
 23.00   137.00  160  00   23  00  
 23.00   137.00  160  00   23  00  
 23.00   137.00  160  00   23  00  
 23.00   137.00  160  00   23  00  
 23.00   137.00  160  00   23  00  
 22.00   138.00  160  00   22  00  
 22.00   137.00  159  00   22  00  
 22.00   137.00  159  00   22  00  
 22.00   137.00  159  00   22  00  
 22.00   137.00  159  00   22  00  
 22.00   137.00  159  00   22  00  
 22.00   137.00  159  00   22  00  
 22.00   138.00  160  00   22  00  
 22.00   138.00  160  00   22  00  
 22.00   138.00  160  00   22  00  
 22.00   138.00  160  00   22  00  
 22.00   138.00  160  00   22  00  
 22.00   138.00  160  00   22  00  
 23.00   137.00  160  00   23  00  
 23.00   137.00  160  00   23  00  
 22.00   138.00  160  00   22  00  
 22.00   138.00  160  00   22  00  
 22.00   137.00  159  00   22  00  
 22.00   137.00  159  00   22  00  
 22.00   137.00  159  00   22  00  
 22.00   137.00  159  00   22  00  
 22.00   137.00  159  00   22  00  
 22.00   137.00  159  00   22  00  
 22.00   137.00  159  00   22  00  
 22.00   137.00  159  00   22  00  
 22.00   137.00  159  00   22  00  
 22.00   138.00  160  00   22  00  
 22.00   138.00  160  00   22  00  
 22.00   138.00  160  00   22  00  
 22.00   138.00  160  00   22  00  
 22.00   138.00  160  00   22  00  
 22.00   138.00  160  00   22  00  
 22.00   137.00  159  00   22  00  
 22.00   137.00  159  00   22  00  
 22.00   137.00  159  00   22  00  
 22.00   137.00  159  00   22  00  
 22.00   137.00  159  00   22  00  
 22.00   137.00  159  00   22  00  
 22.00   137.00  159  00   22  00  
 22.00   138.00  160  00   22  00  
 22.00   138.00  160  00   22  00  
 22.00   138.00  160  00   22  00  
 22.00   138.00  160  00   22  00  
 22.00   138.00  160  00   22  00  
 22.00   138.00  160  00   22  00  
 22.00   138.00  160  00   22  00  
 22.00   138.00  160  00   22  00  
 22.00   138.00  160  00   22  00  
 22.00   138.00  160  00   22  00  
 22.00   138.00  160  00   22  00  
 22.00   138.00  160  00   22  00  
 22.00   138.00  160  00   22  00  
 22.00   138.00  160  00   22  00  
 22.00   138.00  160  00   22  00  
 22.00   138.00  160  00   22  00  
 22.00   138.00  160  00   22  00  
 22.00   138.00  160  00   22  00  
 22.00   138.00  160  00   22  00  
 22.00   138.00  160  00   22  00  
 22.00   138.00  160  00   22  00  
 22.00   138.00  160  00   22  00  
 22.00   138.00  160  00   22  00  
 22.00   138.00  160  00   22  00  
 22.00   138.00  160  00   22  00  
 22.00   138.00  160  00   22  00  
 22.00   138.00  160  00   22  00  
 22.00   138.00  160  00   22  00  
 22.00   138.00  160  00   22  00  
 22.00   138.00  160  00   22  00  
 22.00   138.00  160  00   22  00  
 22.00   138.00  160  00   22  00  
 22.00   138.00  160  00   22  00  
 22.00   138.00  160  00   22  00  
 22.00   138.00  160  00   22  00  
 22.00   138.00  160  00   22  00  
 22.00   137.00  159  00   22  00  
 22.00   137.00  159  00   22  00  
 22.00   137.00  159  00   22  00  
 22.00   137.00  159  00   22  00  
 22.00   138.00  160  00   22  00  
 22.00   138.00  160  00   22  00  
 22.00   138.00  160  00   22  00  
 22.00   138.00  160  00   22  00  
 22.00   138.00  160  00   22  00  
 22.00   138.00  160  00   22  00  
 22.00   138.00  160  00   22  00  
 22.00   138.00  160  00   22  00  
 22.00   138.00  160  00   22  00  
 22.00   138.00  160  00   22  00  
 22.00   138.00  160  00   22  00  
 22.00   137.00  159  00   22  00  
 22.00   137.00  159  00   22  00  
 22.00   137.00  159  00   22  00  
 22.00   137.00  159  00   22  00  
 22.00   137.00  159  00   22  00  
 22.00   137.00  159  00   22  00  
 22.00   137.00  159  00   22  00  
 22.00   137.00  159  00   22  00  
 22.00   138.00  160  00   22  00  
 22.00   138.00  160  00   22  00  
 22.00   138.00  160  00   22  00  
 22.00   138.00  160  00   22  00  
 22.00   138.00  160  00   22  00  
 22.00   138.00  160  00   22  00  
 22.00   138.00  160  00   22  00  
 22.00   138.00  160  00   22  00  
 22.00   138.00  160  00   22  00  
 22.00   137.00  159  00   22  00  
 22.00   137.00  159  00   22  00  
 22.00   138.00  160  00   22  00  
 22.00   138.00  160  00   22  00  
 22.00   138.00  160  00   22  00  
 22.00   138.00  160  00   22  00  
 22.00   138.00  160  00   22  00  
 22.00   138.00  160  00   22  00  
 22.00   138.00  160  00   22  00  
 22.00   138.00  160  00   22  00  
 22.00   138.00  160  00   22  00  
 22.00   139.00  161  00   22  00  
 22.00   139.00  161  00   22  00  
 22.00   138.00  160  00   22  00  
 22.00   138.00  160  00   22  00  
 22.00   138.00  160  00   22  00  
 22.00   138.00  160  00   22  00  
 22.00   138.00  160  00   22  00  
 22.00   138.00  160  00   22  00  
 22.00   138.00  160  00   22  00  
 22.00   138.00  160  00   22  00  
 22.00   138.00  160  00   22  00  
 22.00   138.00  160  00   22  00  
 22.00   138.00  160  00   22  00  
 22.00   138.00  160  00   22  00  
 22.00   138.00  160  00   22  00  
 22.00   138.00  160  00   22  00  
 22.00   138.00  160  00   22  00  
 22.00   138.00  160  00   22  00  
 22.00   138.00  160  00   22  00  
 22.00   138.00  160  00   22  00  
 22.00   138.00  160  00   22  00  
 22.00   138.00  160  00   22  00  
 22.00   138.00  160  00   22  00  
 22.00   138.00  160  00   22  00  
 22.00   138.00  160  00   22  00  
 22.00   138.00  160  00   22  00  
 22.00   138.00  160  00   22  00  
 22.00   138.00  160  00   22  00  
 22.00   138.00  160  00   22  00  
 22.00   138.00  160  00   22  00  
 22.00   138.00  160  00   22  00  
 22.00   138.00  160  00   22  00  
 22.00   138.00  160  00   22  00  
 22.00   138.00  160  00   22  00  
 22.00   138.00  160  00   22  00  
 22.00   138.00  160  00   22  00  
 22.00   138.00  160  00   22  00  
 22.00   138.00  160  00   22  00  
 22.00   138.00  160  00   22  00  
 22.00   138.00  160  00   22  00  
 22.00   138.00  160  00   22  00  
 22.00   138.00  160  00   22  00  
 22.00   138.00  160  00   22  00  
 22.00   138.00  160  00   22  00  
 22.00   138.00  160  00   22  00  
 22.00   138.00  160  00   22  00  
 22.00   139.00  161  00   22  00  
 23.00   138.00  161  00   23  00  
 23.00   138.00  161  00   23  00  
 22.00   139.00  161  00   22  00  
 22.00   139.00  161  00   22  00  
 23.00   138.00  161  00   23  00  
 23.00   138.00  161  00   23  00  
 21.00   135.00  156  00   21  00  
 21.00   135.00  156  00   21  00  
 21.00   131.00  152  00   21  00  
 21.00   131.00  152  00   21  00  
 22.00   137.00  159  00   22  00  
 22.00   137.00  159  00   22  00  
 23.00   140.00  163  00   23  00  
 23.00   140.00  163  00   23  00  
 22.00   140.00  162  00   22  00  
 22.00   140.00  162  00   22  00  
 22.00   139.00  161  00   22  00  
 22.00   137.00  159  00   22  00  
 22.00   137.00  159  00   22  00  
 22.00   137.00  159  00   22  00  
 22.00   137.00  159  00   22  00  
 22.00   137.00  159  00   22  00  
 22.00   137.00  159  00   22  00  
 22.00   137.00  159  00   22  00  
 22.00   137.00  159  00   22  00  
 22.00   137.00  159  00   22  00  
 22.00   137.00  159  00   22  00  
 22.00   137.00  159  00   22  00  
 22.00   137.00  159  00   22  00  
 22.00   137.00  159  00   22  00  
 22.00   137.00  159  00   22  00  
 22.00   137.00  159  00   22  00  
 22.00   137.00  159  00   22  00  
 22.00   137.00  159  00   22  00  
 22.00   137.00  159  00   22  00  
 22.00   137.00  159  00   22  00  
 22.00   137.00  159  00   22  00  
 22.00   137.00  159  00   22  00  
 22.00   137.00  159  00   22  00  
 22.00   137.00  159  00   22  00  
 22.00   138.00  160  00   22  00  
 22.00   138.00  160  00   22  00  
 22.00   138.00  160  00   22  00  
 22.00   138.00  160  00   22  00  
 22.00   138.00  160  00   22  00  
 22.00   138.00  160  00   22  00  
 22.00   138.00  160  00   22  00  
 22.00   138.00  160  00   22  00  
 22.00   137.00  159  00   22  00  
 22.00   137.00  159  00   22  00  
 22.00   137.00  159  00   22  00  
 22.00   137.00  159  00   22  00  
 22.00   137.00  159  00   22  00  
 22.00   137.00  159  00   22  00  
 22.00   137.00  159  00   22  00  
 22.00   137.00  159  00   22  00  
 22.00   137.00  159  00   22  00  
 22.00   138.00  160  00   22  00  
 22.00   138.00  160  00   22  00  
 22.00   138.00  160  00   22  00  
 22.00   138.00  160  00   22  00  
 22.00   138.00  160  00   22  00  
 22.00   138.00  160  00   22  00  
 22.00   137.00  159  00   22  00  
 22.00   137.00  159  00   22  00  
 22.00   137.00  159  00   22  00  
 22.00   137.00  159  00   22  00  
 22.00   137.00  159  00   22  00  
 22.00   137.00  159  00   22  00  
 22.00   137.00  159  00   22  00  
 22.00   138.00  160  00   22  00  
 22.00   138.00  160  00   22  00  
 22.00   138.00  160  00   22  00  
 22.00   138.00  160  00   22  00  
 22.00   138.00  160  00   22  00  
 22.00   138.00  160  00   22  00  
 22.00   138.00  160  00   22  00  
 22.00   138.00  160  00   22  00  
 22.00   137.00  159  00   22  00  
 22.00   137.00  159  00   22  00  
 22.00   138.00  160  00   22  00  
 22.00   138.00  160  00   22  00  
 22.00   137.00  159  00   22  00  
 22.00   137.00  159  00   22  00  
 22.00   137.00  159  00   22  00  
 22.00   138.00  160  00   22  00  
 22.00   138.00  160  00   22  00  
 22.00   138.00  160  00   22  00  
 22.00   138.00  160  00   22  00  
 22.00   138.00  160  00   22  00  
 22.00   138.00  160  00   22  00  
 22.00   137.00  159  00   22  00  
 22.00   137.00  159  00   22  00  
 22.00   137.00  159  00   22  00  
 22.00   137.00  159  00   22  00  
 22.00   137.00  159  00   22  00  
 22.00   137.00  159  00   22  00  
 22.00   138.00  160  00   22  00  
 22.00   138.00  160  00   22  00  
 22.00   138.00  160  00   22  00  
 22.00   138.00  160  00   22  00  
 22.00   138.00  160  00   22  00  
 22.00   138.00  160  00   22  00  
 22.00   138.00  160  00   22  00  
 22.00   137.00  159  00   22  00  
 22.00   137.00  159  00   22  00  
 22.00   137.00  159  00   22  00  
 22.00   137.00  159  00   22  00  
 22.00   137.00  159  00   22  00  
 22.00   137.00  159  00   22  00  
 22.00   137.00  159  00   22  00  
 22.00   137.00  159  00   22  00  
 22.00   138.00  160  00   22  00  
 22.00   138.00  160  00   22  00  
 22.00   138.00  160  00   22  00  
 22.00   138.00  160  00   22  00  
 22.00   138.00  160  00   22  00  
 22.00   138.00  160  00   22  00  
 22.00   138.00  160  00   22  00  
 22.00   137.00  159  00   22  00  
 22.00   137.00  159  00   22  00  
 22.00   137.00  159  00   22  00  
 22.00   137.00  159  00   22  00  
 22.00   137.00  159  00   22  00  
 22.00   137.00  159  00   22  00  
 22.00   137.00  159  00   22  00  
 22.00   137.00  159  00   22  00  
 22.00   137.00  159  00   22  00  
 22.00   137.00  159  00   22  00  
 22.00   138.00  160  00   22  00  
 22.00   138.00  160  00   22  00  
 22.00   138.00  160  00   22  00  
 22.00   138.00  160  00   22  00  
 22.00   138.00  160  00   22  00  
 22.00   138.00  160  00   22  00  
 22.00   138.00  160  00   22  00  
 22.00   137.00  159  00   22  00  
 22.00   137.00  159  00   22  00  
 22.00   138.00  160  00   22  00  
 22.00   138.00  160  00   22  00  
 22.00   138.00  160  00   22  00  
 22.00   138.00  160  00   22  00  
 22.00   138.00  160  00   22  00  
 22.00   138.00  160  00   22  00  
 22.00   138.00  160  00   22  00  
 22.00   138.00  160  00   22  00  
 22.00   138.00  160  00   22  00  
 22.00   138.00  160  00   22  00  
 22.00   138.00  160  00   22  00  
 22.00   138.00  160  00   22  00  
 22.00   138.00  160  00   22  00  
 22.00   138.00  160  00   22  00  
 22.00   138.00  160  00   22  00  
 22.00   138.00  160  00   22  00  
 22.00   138.00  160  00   22  00  
 22.00   138.00  160  00   22  00  
 22.00   138.00  160  00   22  00  
 22.00   138.00  160  00   22  00  
 22.00   138.00  160  00   22  00  
 22.00   138.00  160  00   22  00  
 22.00   138.00  160  00   22  00  
 22.00   138.00  160  00   22  00  
 22.00   138.00  160  00   22  00  
 22.00   138.00  160  00   22  00  
 22.00   138.00  160  00   22  00  
 22.00   138.00  160  00   22  00  
 22.00   138.00  160  00   22  00  
 22.00   137.00  159  00   22  00  
 22.00   138.00  160  00   22  00  
 22.00   138.00  160  00   22  00  
 22.00   138.00  160  00   22  00  
 22.00   138.00  160  00   22  00  
 22.00   138.00  160  00   22  00  
 22.00   138.00  160  00   22  00  
 22.00   138.00  160  00   22  00  
 22.00   138.00  160  00   22  00  
 22.00   138.00  160  00   22  00  
 22.00   138.00  160  00   22  00  
 22.00   138.00  160  00   22  00  
 22.00   138.00  160  00   22  00  
 22.00   138.00  160  00   22  00  
 22.00   138.00  160  00   22  00  
 22.00   137.00  159  00   22  00  
 22.00   137.00  159  00   22  00  
 22.00   137.00  159  00   22  00  
 22.00   137.00  159  00   22  00  
 22.00   137.00  159  00   22  00  
 22.00   138.00  160  00   22  00  
 22.00   138.00  160  00   22  00  
 22.00   138.00  160  00   22  00  
 22.00   138.00  160  00   22  00  
 22.00   138.00  160  00   22  00  
 22.00   138.00  160  00   22  00  
 22.00   138.00  160  00   22  00  
 22.00   138.00  160  00   22  00  
 22.00   138.00  160  00   22  00  
 22.00   138.00  160  00   22  00  
 22.00   138.00  160  00   22  00  
 22.00   138.00  160  00   22  00  
 22.00   138.00  160  00   22  00  
 22.00   138.00  160  00   22  00  
 22.00   138.00  160  00   22  00  
 22.00   138.00  160  00   22  00  
 22.00   138.00  160  00   22  00  
 22.00   138.00  160  00   22  00  
 22.00   138.00  160  00   22  00  
 22.00   138.00  160  00   22  00  
 22.00   138.00  160  00   22  00  
 22.00   138.00  160  00   22  00  
 22.00   138.00  160  00   22  00  
 22.00   138.00  160  00   22  00  
 22.00   138.00  160  00   22  00  
 22.00   138.00  160  00   22  00  
 22.00   138.00  160  00   22  00  
 22.00   138.00  160  00   22  00  
 22.00   138.00  160  00   22  00  
 22.00   138.00  160  00   22  00  
 22.00   138.00  160  00   22  00  
 22.00   138.00  160  00   22  00  
 22.00   138.00  160  00   22  00  
 22.00   138.00  160  00   22  00  
 22.00   138.00  160  00   22  00  
 22.00   138.00  160  00   22  00  
 22.00   138.00  160  00   22  00  
 22.00   138.00  160  00   22  00  
 22.00   138.00  160  00   22  00  
 22.00   138.00  160  00   22  00  
 22.00   138.00  160  00   22  00  
 22.00   138.00  160  00   22  00  
 22.00   138.00  160  00   22  00  
 22.00   138.00  160  00   22  00  
 22.00   138.00  160  00   22  00  
 22.00   138.00  160  00   22  00  
 22.00   138.00  160  00   22  00  
 22.00   138.00  160  00   22  00  
 22.00   138.00  160  00   22  00  
 22.00   138.00  160  00   22  00  
 22.00   138.00  160  00   22  00  
 22.00   138.00  160  00   22  00  
 22.00   138.00  160  00   22  00  
 22.00   138.00  160  00   22  00  
 22.00   138.00  160  00   22  00  
 22.00   138.00  160  00   22  00  
 22.00   138.00  160  00   22  00  
 22.00   138.00  160  00   22  00  
 22.00   138.00  160  00   22  00  
 22.00   138.00  160  00   22  00  
 22.00   138.00  160  00   22  00  
 22.00   138.00  160  00   22  00  
 22.00   138.00  160  00   22  00  
 22.00   138.00  160  00   22  00  
 22.00   138.00  160  00   22  00  
 22.00   138.00  160  00   22  00  
 22.00   138.00  160  00   22  00  
 22.00   138.00  160  00   22  00  
 22.00   138.00  160  00   22  00  
 22.00   138.00  160  00   22  00  
 22.00   138.00  160  00   22  00  
 22.00   138.00  160  00   22  00  
 22.00   138.00  160  00   22  00  
 22.00   138.00  160  00   22  00  
 22.00   138.00  160  00   22  00  
 22.00   138.00  160  00   22  00  
 22.00   139.00  161  00   22  00  
 22.00   139.00  161  00   22  00  
 22.00   139.00  161  00   22  00  
 22.00   139.00  161  00   22  00  
 22.00   139.00  161  00   22  00  
 22.00   139.00  161  00   22  00  
 22.00   138.00  160  00   22  00  
 22.00   138.00  160  00   22  00  
 22.00   138.00  160  00   22  00  
 22.00   139.00  161  00   22  00  
 22.00   139.00  161  00   22  00  
 22.00   139.00  161  00   22  00  
 22.00   139.00  161  00   22  00  
 22.00   139.00  161  00   22  00  
 22.00   139.00  161  00   22  00  
 22.00   139.00  161  00   22  00  
