 342.00   2024.00  62  09   86  01  
 344.00   2034.00  74  09   88  01  
 344.00   2034.00  74  09   88  01  
 341.00   2044.00  81  09   85  01  
 341.00   2044.00  81  09   85  01  
 352.00   2075.00  123  09   96  01  
 352.00   2075.00  123  09   96  01  
 385.00   2193.00  18  10   129  01  
 393.00   2229.00  62  10   137  01  
 393.00   2229.00  62  10   137  01  
 399.00   2258.00  97  10   143  01  
 399.00   2258.00  97  10   143  01  
 403.00   2274.00  117  10   147  01  
 403.00   2274.00  117  10   147  01  
 405.00   2289.00  134  10   149  01  
 405.00   2289.00  134  10   149  01  
 407.00   2292.00  139  10   151  01  
 407.00   2292.00  139  10   151  01  
 408.00   2293.00  141  10   152  01  
 408.00   2293.00  141  10   152  01  
 410.00   2299.00  149  10   154  01  
 410.00   2299.00  149  10   154  01  
 416.00   2330.00  186  10   160  01  
 416.00   2330.00  186  10   160  01  
 417.00   2336.00  193  10   161  01  
 416.00   2338.00  194  10   160  01  
 416.00   2338.00  194  10   160  01  
 416.00   2348.00  204  10   160  01  
 416.00   2348.00  204  10   160  01  
 412.00   2332.00  184  10   156  01  
 412.00   2332.00  184  10   156  01  
 412.00   2330.00  182  10   156  01  
 412.00   2330.00  182  10   156  01  
 411.00   2330.00  181  10   155  01  
 411.00   2330.00  181  10   155  01  
 413.00   2334.00  187  10   157  01  
 413.00   2334.00  187  10   157  01  
 413.00   2334.00  187  10   157  01  
 413.00   2334.00  187  10   157  01  
 414.00   2336.00  190  10   158  01  
 414.00   2336.00  190  10   158  01  
 412.00   2334.00  186  10   156  01  
 414.00   2342.00  196  10   158  01  
 414.00   2342.00  196  10   158  01  
 415.00   2346.00  201  10   159  01  
 415.00   2346.00  201  10   159  01  
 421.00   2365.00  226  10   165  01  
 421.00   2365.00  226  10   165  01  
 429.00   2408.00  21  11   173  01  
 429.00   2408.00  21  11   173  01  
 433.00   2423.00  40  11   177  01  
 433.00   2423.00  40  11   177  01  
 437.00   2448.00  69  11   181  01  
 437.00   2448.00  69  11   181  01  
 438.00   2444.00  66  11   182  01  
 438.00   2444.00  66  11   182  01  
 436.00   2442.00  62  11   180  01  
 436.00   2443.00  63  11   180  01  
 436.00   2443.00  63  11   180  01  
 435.00   2445.00  64  11   179  01  
 435.00   2445.00  64  11   179  01  
 435.00   2447.00  66  11   179  01  
 435.00   2447.00  66  11   179  01  
 434.00   2439.00  57  11   178  01  
 434.00   2439.00  57  11   178  01  
 434.00   2434.00  52  11   178  01  
 434.00   2434.00  52  11   178  01  
 434.00   2437.00  55  11   178  01  
 434.00   2437.00  55  11   178  01  
 430.00   2423.00  37  11   174  01  
 430.00   2423.00  37  11   174  01  
 428.00   2420.00  32  11   172  01  
 428.00   2420.00  32  11   172  01  
 417.00   2390.00  247  10   161  01  
 415.00   2379.00  234  10   159  01  
 415.00   2379.00  234  10   159  01  
 416.00   2381.00  237  10   160  01  
 416.00   2381.00  237  10   160  01  
 415.00   2382.00  237  10   159  01  
 415.00   2382.00  237  10   159  01  
 415.00   2393.00  248  10   159  01  
 415.00   2393.00  248  10   159  01  
 415.00   2393.00  248  10   159  01  
 415.00   2393.00  248  10   159  01  
 413.00   2385.00  238  10   157  01  
 413.00   2385.00  238  10   157  01  
 412.00   2385.00  237  10   156  01  
 412.00   2385.00  237  10   156  01  
 411.00   2382.00  233  10   155  01  
 411.00   2381.00  232  10   155  01  
 411.00   2381.00  232  10   155  01  
 410.00   2376.00  226  10   154  01  
 410.00   2376.00  226  10   154  01  
 411.00   2384.00  235  10   155  01  
 411.00   2384.00  235  10   155  01  
 411.00   2386.00  237  10   155  01  
 411.00   2386.00  237  10   155  01  
 411.00   2385.00  236  10   155  01  
 411.00   2385.00  236  10   155  01  
 412.00   2385.00  237  10   156  01  
 412.00   2385.00  237  10   156  01  
 410.00   2374.00  224  10   154  01  
 410.00   2374.00  224  10   154  01  
 411.00   2377.00  228  10   155  01  
 411.00   2377.00  228  10   155  01  
 411.00   2382.00  233  10   155  01  
 410.00   2380.00  230  10   154  01  
 410.00   2380.00  230  10   154  01  
 410.00   2382.00  232  10   154  01  
 410.00   2382.00  232  10   154  01  
 411.00   2384.00  235  10   155  01  
 411.00   2384.00  235  10   155  01  
 411.00   2387.00  238  10   155  01  
 411.00   2387.00  238  10   155  01  
 412.00   2389.00  241  10   156  01  
 412.00   2389.00  241  10   156  01  
 411.00   2390.00  241  10   155  01  
 411.00   2390.00  241  10   155  01  
 411.00   2389.00  240  10   155  01  
 411.00   2389.00  240  10   155  01  
 411.00   2391.00  242  10   155  01  
 411.00   2391.00  242  10   155  01  
 411.00   2390.00  241  10   155  01  
 411.00   2392.00  243  10   155  01  
 411.00   2392.00  243  10   155  01  
 411.00   2391.00  242  10   155  01  
 411.00   2391.00  242  10   155  01  
 411.00   2390.00  241  10   155  01  
 411.00   2390.00  241  10   155  01  
 411.00   2392.00  243  10   155  01  
 411.00   2392.00  243  10   155  01  
 412.00   2394.00  246  10   156  01  
 412.00   2394.00  246  10   156  01  
 412.00   2396.00  248  10   156  01  
 412.00   2396.00  248  10   156  01  
 412.00   2392.00  244  10   156  01  
 412.00   2392.00  244  10   156  01  
 412.00   2390.00  242  10   156  01  
 412.00   2390.00  242  10   156  01  
 412.00   2398.00  250  10   156  01  
 414.00   2392.00  246  10   158  01  
 414.00   2392.00  246  10   158  01  
 413.00   2373.00  226  10   157  01  
 413.00   2373.00  226  10   157  01  
 413.00   2363.00  216  10   157  01  
 413.00   2363.00  216  10   157  01  
 416.00   2380.00  236  10   160  01  
 416.00   2380.00  236  10   160  01  
 418.00   2390.00  248  10   162  01  
 418.00   2390.00  248  10   162  01  
 416.00   2381.00  237  10   160  01  
 416.00   2381.00  237  10   160  01  
 414.00   2371.00  225  10   158  01  
 414.00   2371.00  225  10   158  01  
 413.00   2364.00  217  10   157  01  
 413.00   2364.00  217  10   157  01  
 411.00   2361.00  212  10   155  01  
 408.00   2352.00  200  10   152  01  
 408.00   2352.00  200  10   152  01  
 407.00   2345.00  192  10   151  01  
 407.00   2345.00  192  10   151  01  
 407.00   2338.00  185  10   151  01  
 407.00   2338.00  185  10   151  01  
 406.00   2337.00  183  10   150  01  
 406.00   2337.00  183  10   150  01  
 405.00   2336.00  181  10   149  01  
 405.00   2336.00  181  10   149  01  
 405.00   2333.00  178  10   149  01  
 405.00   2333.00  178  10   149  01  
 402.00   2318.00  160  10   146  01  
 402.00   2318.00  160  10   146  01  
 402.00   2320.00  162  10   146  01  
 402.00   2320.00  162  10   146  01  
 390.00   2282.00  112  10   134  01  
 387.00   2264.00  91  10   131  01  
 387.00   2264.00  91  10   131  01  
 388.00   2272.00  100  10   132  01  
 388.00   2272.00  100  10   132  01  
 389.00   2276.00  105  10   133  01  
 389.00   2276.00  105  10   133  01  
 389.00   2280.00  109  10   133  01  
 389.00   2280.00  109  10   133  01  
 391.00   2285.00  116  10   135  01  
 391.00   2285.00  116  10   135  01  
 392.00   2287.00  119  10   136  01  
 392.00   2287.00  119  10   136  01  
 392.00   2291.00  123  10   136  01  
 392.00   2291.00  123  10   136  01  
 392.00   2286.00  118  10   136  01  
 393.00   2290.00  123  10   137  01  
 393.00   2290.00  123  10   137  01  
 393.00   2290.00  123  10   137  01  
 393.00   2290.00  123  10   137  01  
 393.00   2293.00  126  10   137  01  
 393.00   2293.00  126  10   137  01  
 393.00   2291.00  124  10   137  01  
 393.00   2291.00  124  10   137  01  
 393.00   2290.00  123  10   137  01  
 393.00   2290.00  123  10   137  01  
 394.00   2296.00  130  10   138  01  
 394.00   2296.00  130  10   138  01  
 393.00   2295.00  128  10   137  01  
 393.00   2295.00  128  10   137  01  
 393.00   2292.00  125  10   137  01  
 393.00   2292.00  125  10   137  01  
 392.00   2289.00  121  10   136  01  
 391.00   2285.00  116  10   135  01  
 391.00   2285.00  116  10   135  01  
 391.00   2289.00  120  10   135  01  
 391.00   2289.00  120  10   135  01  
 392.00   2295.00  127  10   136  01  
 392.00   2295.00  127  10   136  01  
 392.00   2297.00  129  10   136  01  
 392.00   2297.00  129  10   136  01  
 394.00   2308.00  142  10   138  01  
 394.00   2308.00  142  10   138  01  
 394.00   2307.00  141  10   138  01  
 394.00   2307.00  141  10   138  01  
 393.00   2301.00  134  10   137  01  
 393.00   2301.00  134  10   137  01  
 392.00   2300.00  132  10   136  01  
 392.00   2300.00  132  10   136  01  
 392.00   2298.00  130  10   136  01  
 391.00   2295.00  126  10   135  01  
 391.00   2295.00  126  10   135  01  
 391.00   2296.00  127  10   135  01  
 391.00   2296.00  127  10   135  01  
 391.00   2297.00  128  10   135  01  
 391.00   2297.00  128  10   135  01  
 391.00   2301.00  132  10   135  01  
 391.00   2301.00  132  10   135  01  
 390.00   2295.00  125  10   134  01  
 390.00   2295.00  125  10   134  01  
 390.00   2300.00  130  10   134  01  
 390.00   2300.00  130  10   134  01  
 390.00   2302.00  132  10   134  01  
 390.00   2302.00  132  10   134  01  
 389.00   2299.00  128  10   133  01  
 389.00   2299.00  128  10   133  01  
 388.00   2294.00  122  10   132  01  
 388.00   2289.00  117  10   132  01  
 388.00   2289.00  117  10   132  01  
 388.00   2288.00  116  10   132  01  
 388.00   2288.00  116  10   132  01  
 387.00   2287.00  114  10   131  01  
 387.00   2287.00  114  10   131  01  
 388.00   2293.00  121  10   132  01  
 388.00   2293.00  121  10   132  01  
 387.00   2287.00  114  10   131  01  
 387.00   2287.00  114  10   131  01  
 386.00   2280.00  106  10   130  01  
 386.00   2280.00  106  10   130  01  
 386.00   2279.00  105  10   130  01  
 386.00   2279.00  105  10   130  01  
 386.00   2282.00  108  10   130  01  
 386.00   2282.00  108  10   130  01  
 386.00   2280.00  106  10   130  01  
 385.00   2278.00  103  10   129  01  
 385.00   2278.00  103  10   129  01  
 386.00   2277.00  103  10   130  01  
 386.00   2277.00  103  10   130  01  
 386.00   2282.00  108  10   130  01  
 386.00   2282.00  108  10   130  01  
 386.00   2280.00  106  10   130  01  
 386.00   2280.00  106  10   130  01  
 386.00   2278.00  104  10   130  01  
 386.00   2278.00  104  10   130  01  
 386.00   2285.00  111  10   130  01  
 386.00   2285.00  111  10   130  01  
 386.00   2286.00  112  10   130  01  
 386.00   2286.00  112  10   130  01  
 386.00   2286.00  112  10   130  01  
 386.00   2286.00  112  10   130  01  
 387.00   2292.00  119  10   131  01  
 387.00   2294.00  121  10   131  01  
 387.00   2294.00  121  10   131  01  
 387.00   2292.00  119  10   131  01  
 387.00   2292.00  119  10   131  01  
 387.00   2295.00  122  10   131  01  
 387.00   2295.00  122  10   131  01  
 387.00   2296.00  123  10   131  01  
 387.00   2296.00  123  10   131  01  
 387.00   2297.00  124  10   131  01  
 387.00   2297.00  124  10   131  01  
 387.00   2296.00  123  10   131  01  
 387.00   2296.00  123  10   131  01  
 388.00   2297.00  125  10   132  01  
 388.00   2297.00  125  10   132  01  
 387.00   2299.00  126  10   131  01  
 387.00   2299.00  126  10   131  01  
 386.00   2295.00  121  10   130  01  
 387.00   2296.00  123  10   131  01  
 387.00   2296.00  123  10   131  01  
 386.00   2296.00  122  10   130  01  
 386.00   2296.00  122  10   130  01  
 386.00   2294.00  120  10   130  01  
 386.00   2294.00  120  10   130  01  
 386.00   2296.00  122  10   130  01  
 386.00   2296.00  122  10   130  01  
 386.00   2296.00  122  10   130  01  
 386.00   2296.00  122  10   130  01  
 386.00   2295.00  121  10   130  01  
 386.00   2295.00  121  10   130  01  
 386.00   2293.00  119  10   130  01  
 386.00   2293.00  119  10   130  01  
 385.00   2295.00  120  10   129  01  
 385.00   2295.00  120  10   129  01  
 385.00   2297.00  122  10   129  01  
 386.00   2296.00  122  10   130  01  
 386.00   2296.00  122  10   130  01  
 386.00   2299.00  125  10   130  01  
 386.00   2299.00  125  10   130  01  
 385.00   2297.00  122  10   129  01  
 385.00   2297.00  122  10   129  01  
 385.00   2295.00  120  10   129  01  
 385.00   2295.00  120  10   129  01  
 384.00   2293.00  117  10   128  01  
 384.00   2293.00  117  10   128  01  
 384.00   2287.00  111  10   128  01  
 384.00   2287.00  111  10   128  01  
 383.00   2283.00  106  10   127  01  
 383.00   2283.00  106  10   127  01  
 382.00   2285.00  107  10   126  01  
 382.00   2287.00  109  10   126  01  
 382.00   2287.00  109  10   126  01  
 383.00   2290.00  113  10   127  01  
 383.00   2290.00  113  10   127  01  
 383.00   2290.00  113  10   127  01  
 383.00   2290.00  113  10   127  01  
 383.00   2292.00  115  10   127  01  
 383.00   2292.00  115  10   127  01  
 383.00   2290.00  113  10   127  01  
 383.00   2290.00  113  10   127  01  
 383.00   2292.00  115  10   127  01  
 383.00   2292.00  115  10   127  01  
 382.00   2289.00  111  10   126  01  
 382.00   2289.00  111  10   126  01  
 381.00   2283.00  104  10   125  01  
 381.00   2283.00  104  10   125  01  
 380.00   2282.00  102  10   124  01  
 380.00   2279.00  99  10   124  01  
 380.00   2279.00  99  10   124  01  
 380.00   2279.00  99  10   124  01  
 380.00   2279.00  99  10   124  01  
 380.00   2278.00  98  10   124  01  
 380.00   2278.00  98  10   124  01  
 381.00   2281.00  102  10   125  01  
 381.00   2281.00  102  10   125  01  
 380.00   2275.00  95  10   124  01  
 380.00   2275.00  95  10   124  01  
 380.00   2271.00  91  10   124  01  
 380.00   2271.00  91  10   124  01  
 379.00   2268.00  87  10   123  01  
 379.00   2268.00  87  10   123  01  
 379.00   2265.00  84  10   123  01  
 379.00   2265.00  84  10   123  01  
 379.00   2265.00  84  10   123  01  
 379.00   2261.00  80  10   123  01  
 379.00   2261.00  80  10   123  01  
 378.00   2254.00  72  10   122  01  
 378.00   2254.00  72  10   122  01  
 378.00   2253.00  71  10   122  01  
 378.00   2253.00  71  10   122  01  
 378.00   2250.00  68  10   122  01  
 378.00   2250.00  68  10   122  01  
 378.00   2244.00  62  10   122  01  
 378.00   2244.00  62  10   122  01  
 377.00   2241.00  58  10   121  01  
 377.00   2241.00  58  10   121  01  
 377.00   2239.00  56  10   121  01  
 377.00   2239.00  56  10   121  01  
 377.00   2232.00  49  10   121  01  
 377.00   2232.00  49  10   121  01  
 376.00   2225.00  41  10   120  01  
 376.00   2222.00  38  10   120  01  
 376.00   2222.00  38  10   120  01  
 376.00   2217.00  33  10   120  01  
 376.00   2217.00  33  10   120  01  
 376.00   2216.00  32  10   120  01  
 376.00   2216.00  32  10   120  01  
 377.00   2222.00  39  10   121  01  
 377.00   2222.00  39  10   121  01  
 377.00   2217.00  34  10   121  01  
 377.00   2217.00  34  10   121  01  
 374.00   2191.00  05  10   118  01  
 374.00   2191.00  05  10   118  01  
 373.00   2189.00  02  10   117  01  
 373.00   2189.00  02  10   117  01  
 374.00   2191.00  05  10   118  01  
 374.00   2191.00  05  10   118  01  
 375.00   2192.00  07  10   119  01  
 374.00   2185.00  255  09   118  01  
 374.00   2185.00  255  09   118  01  
 373.00   2175.00  244  09   117  01  
 373.00   2175.00  244  09   117  01  
 373.00   2174.00  243  09   117  01  
 373.00   2174.00  243  09   117  01  
 372.00   2174.00  242  09   116  01  
 372.00   2174.00  242  09   116  01  
 373.00   2177.00  246  09   117  01  
 373.00   2177.00  246  09   117  01  
 373.00   2177.00  246  09   117  01  
 373.00   2177.00  246  09   117  01  
 373.00   2174.00  243  09   117  01  
 373.00   2174.00  243  09   117  01  
 372.00   2173.00  241  09   116  01  
 372.00   2173.00  241  09   116  01  
 372.00   2169.00  237  09   116  01  
 372.00   2171.00  239  09   116  01  
 372.00   2171.00  239  09   116  01  
 372.00   2167.00  235  09   116  01  
 372.00   2167.00  235  09   116  01  
 372.00   2168.00  236  09   116  01  
 372.00   2168.00  236  09   116  01  
 370.00   2152.00  218  09   114  01  
 370.00   2152.00  218  09   114  01  
 371.00   2156.00  223  09   115  01  
 371.00   2156.00  223  09   115  01  
 372.00   2166.00  234  09   116  01  
 372.00   2166.00  234  09   116  01  
 373.00   2167.00  236  09   117  01  
 373.00   2167.00  236  09   117  01  
 374.00   2178.00  248  09   118  01  
 374.00   2178.00  248  09   118  01  
 374.00   2175.00  245  09   118  01  
 374.00   2174.00  244  09   118  01  
 374.00   2174.00  244  09   118  01  
 374.00   2174.00  244  09   118  01  
 374.00   2174.00  244  09   118  01  
 375.00   2173.00  244  09   119  01  
 375.00   2173.00  244  09   119  01  
 374.00   2171.00  241  09   118  01  
 374.00   2171.00  241  09   118  01  
 375.00   2175.00  246  09   119  01  
 375.00   2175.00  246  09   119  01  
 375.00   2174.00  245  09   119  01  
 375.00   2174.00  245  09   119  01  
 376.00   2176.00  248  09   120  01  
 376.00   2176.00  248  09   120  01  
 376.00   2172.00  244  09   120  01  
 376.00   2172.00  244  09   120  01  
 376.00   2172.00  244  09   120  01  
 376.00   2174.00  246  09   120  01  
 376.00   2174.00  246  09   120  01  
 377.00   2176.00  249  09   121  01  
 377.00   2176.00  249  09   121  01  
 377.00   2179.00  252  09   121  01  
 377.00   2179.00  252  09   121  01  
 378.00   2180.00  254  09   122  01  
 378.00   2180.00  254  09   122  01  
 379.00   2186.00  05  10   123  01  
 379.00   2186.00  05  10   123  01  
 378.00   2186.00  04  10   122  01  
 378.00   2186.00  04  10   122  01  
 378.00   2188.00  06  10   122  01  
 378.00   2188.00  06  10   122  01  
 378.00   2187.00  05  10   122  01  
 378.00   2187.00  05  10   122  01  
 378.00   2186.00  04  10   122  01  
 378.00   2189.00  07  10   122  01  
 378.00   2189.00  07  10   122  01  
 378.00   2194.00  12  10   122  01  
 378.00   2194.00  12  10   122  01  
 378.00   2193.00  11  10   122  01  
 378.00   2193.00  11  10   122  01  
 378.00   2195.00  13  10   122  01  
 378.00   2195.00  13  10   122  01  
 377.00   2195.00  12  10   121  01  
 377.00   2195.00  12  10   121  01  
 378.00   2204.00  22  10   122  01  
 378.00   2204.00  22  10   122  01  
 377.00   2204.00  21  10   121  01  
 377.00   2204.00  21  10   121  01  
 377.00   2202.00  19  10   121  01  
 376.00   2200.00  16  10   120  01  
 376.00   2200.00  16  10   120  01  
 376.00   2202.00  18  10   120  01  
 376.00   2202.00  18  10   120  01  
 376.00   2203.00  19  10   120  01  
 376.00   2203.00  19  10   120  01  
 375.00   2204.00  19  10   119  01  
 375.00   2204.00  19  10   119  01  
 375.00   2201.00  16  10   119  01  
 375.00   2201.00  16  10   119  01  
 375.00   2206.00  21  10   119  01  
 375.00   2206.00  21  10   119  01  
 375.00   2209.00  24  10   119  01  
 375.00   2209.00  24  10   119  01  
 375.00   2208.00  23  10   119  01  
 375.00   2208.00  23  10   119  01  
 374.00   2207.00  21  10   118  01  
 374.00   2206.00  20  10   118  01  
 374.00   2206.00  20  10   118  01  
 373.00   2205.00  18  10   117  01  
 373.00   2205.00  18  10   117  01  
 373.00   2205.00  18  10   117  01  
 373.00   2205.00  18  10   117  01  
 374.00   2206.00  20  10   118  01  
 374.00   2206.00  20  10   118  01  
 374.00   2210.00  24  10   118  01  
 374.00   2210.00  24  10   118  01  
 374.00   2212.00  26  10   118  01  
 374.00   2212.00  26  10   118  01  
 374.00   2215.00  29  10   118  01  
 374.00   2215.00  29  10   118  01  
 374.00   2215.00  29  10   118  01  
 374.00   2215.00  29  10   118  01  
 373.00   2210.00  23  10   117  01  
 373.00   2210.00  23  10   117  01  
 373.00   2210.00  23  10   117  01  
 372.00   2207.00  19  10   116  01  
 372.00   2207.00  19  10   116  01  
 371.00   2200.00  11  10   115  01  
 371.00   2200.00  11  10   115  01  
 371.00   2198.00  09  10   115  01  
 371.00   2198.00  09  10   115  01  
 371.00   2200.00  11  10   115  01  
 371.00   2200.00  11  10   115  01  
 372.00   2202.00  14  10   116  01  
 372.00   2202.00  14  10   116  01  
 372.00   2209.00  21  10   116  01  
 372.00   2209.00  21  10   116  01  
 372.00   2207.00  19  10   116  01  
 372.00   2207.00  19  10   116  01  
 370.00   2191.00  01  10   114  01  
 370.00   2187.00  253  09   114  01  
 370.00   2187.00  253  09   114  01  
 369.00   2183.00  248  09   113  01  
 369.00   2183.00  248  09   113  01  
 369.00   2181.00  246  09   113  01  
 369.00   2181.00  246  09   113  01  
 369.00   2182.00  247  09   113  01  
 369.00   2182.00  247  09   113  01  
 369.00   2184.00  249  09   113  01  
 369.00   2184.00  249  09   113  01  
 369.00   2184.00  249  09   113  01  
 369.00   2184.00  249  09   113  01  
 368.00   2175.00  239  09   112  01  
 368.00   2175.00  239  09   112  01  
 367.00   2174.00  237  09   111  01  
 367.00   2174.00  237  09   111  01  
 367.00   2174.00  237  09   111  01  
 366.00   2169.00  231  09   110  01  
 366.00   2169.00  231  09   110  01  
 366.00   2167.00  229  09   110  01  
 366.00   2167.00  229  09   110  01  
 366.00   2165.00  227  09   110  01  
 366.00   2165.00  227  09   110  01  
 367.00   2172.00  235  09   111  01  
 367.00   2172.00  235  09   111  01  
 368.00   2175.00  239  09   112  01  
 368.00   2175.00  239  09   112  01  
 368.00   2175.00  239  09   112  01  
 368.00   2175.00  239  09   112  01  
 367.00   2174.00  237  09   111  01  
 367.00   2174.00  237  09   111  01  
 366.00   2170.00  232  09   110  01  
 366.00   2170.00  232  09   110  01  
 366.00   2167.00  229  09   110  01  
 366.00   2170.00  232  09   110  01  
 366.00   2170.00  232  09   110  01  
 366.00   2168.00  230  09   110  01  
 366.00   2168.00  230  09   110  01  
 366.00   2165.00  227  09   110  01  
 366.00   2165.00  227  09   110  01  
 365.00   2162.00  223  09   109  01  
 365.00   2162.00  223  09   109  01  
 367.00   2175.00  238  09   111  01  
 367.00   2175.00  238  09   111  01  
 367.00   2177.00  240  09   111  01  
 367.00   2177.00  240  09   111  01  
 370.00   2194.00  04  10   114  01  
 370.00   2194.00  04  10   114  01  
 373.00   2224.00  37  10   117  01  
 373.00   2224.00  37  10   117  01  
 374.00   2234.00  48  10   118  01  
 375.00   2236.00  51  10   119  01  
 375.00   2236.00  51  10   119  01  
 375.00   2237.00  52  10   119  01  
 375.00   2237.00  52  10   119  01  
 376.00   2245.00  61  10   120  01  
 376.00   2245.00  61  10   120  01  
 376.00   2245.00  61  10   120  01  
 376.00   2245.00  61  10   120  01  
 376.00   2243.00  59  10   120  01  
 376.00   2243.00  59  10   120  01  
 376.00   2244.00  60  10   120  01  
 376.00   2244.00  60  10   120  01  
 375.00   2239.00  54  10   119  01  
 375.00   2239.00  54  10   119  01  
 375.00   2238.00  53  10   119  01  
 375.00   2238.00  53  10   119  01  
 375.00   2241.00  56  10   119  01  
 376.00   2245.00  61  10   120  01  
 376.00   2245.00  61  10   120  01  
 376.00   2245.00  61  10   120  01  
 376.00   2245.00  61  10   120  01  
 377.00   2249.00  66  10   121  01  
 377.00   2249.00  66  10   121  01  
 377.00   2249.00  66  10   121  01  
 377.00   2249.00  66  10   121  01  
 377.00   2250.00  67  10   121  01  
 377.00   2250.00  67  10   121  01  
 376.00   2245.00  61  10   120  01  
 376.00   2245.00  61  10   120  01  
 376.00   2243.00  59  10   120  01  
 376.00   2243.00  59  10   120  01  
 375.00   2243.00  58  10   119  01  
 375.00   2243.00  58  10   119  01  
 376.00   2247.00  63  10   120  01  
 376.00   2245.00  61  10   120  01  
 376.00   2245.00  61  10   120  01  
 375.00   2244.00  59  10   119  01  
 375.00   2244.00  59  10   119  01  
 376.00   2251.00  67  10   120  01  
 376.00   2251.00  67  10   120  01  
 375.00   2241.00  56  10   119  01  
 375.00   2241.00  56  10   119  01  
 374.00   2239.00  53  10   118  01  
 374.00   2239.00  53  10   118  01  
 374.00   2238.00  52  10   118  01  
 374.00   2238.00  52  10   118  01  
 373.00   2230.00  43  10   117  01  
 373.00   2230.00  43  10   117  01  
 373.00   2230.00  43  10   117  01  
 373.00   2230.00  43  10   117  01  
 373.00   2224.00  37  10   117  01  
 373.00   2224.00  37  10   117  01  
 373.00   2224.00  37  10   117  01  
 373.00   2227.00  40  10   117  01  
 373.00   2227.00  40  10   117  01  
 373.00   2222.00  35  10   117  01  
 373.00   2222.00  35  10   117  01  
 373.00   2226.00  39  10   117  01  
 373.00   2226.00  39  10   117  01  
 375.00   2242.00  57  10   119  01  
 375.00   2242.00  57  10   119  01  
 375.00   2243.00  58  10   119  01  
 375.00   2243.00  58  10   119  01  
 374.00   2238.00  52  10   118  01  
 374.00   2238.00  52  10   118  01  
 374.00   2241.00  55  10   118  01  
 375.00   2245.00  60  10   119  01  
 375.00   2245.00  60  10   119  01  
 375.00   2245.00  60  10   119  01  
 375.00   2245.00  60  10   119  01  
 376.00   2254.00  70  10   120  01  
 376.00   2254.00  70  10   120  01  
 377.00   2261.00  78  10   121  01  
 377.00   2261.00  78  10   121  01  
 378.00   2266.00  84  10   122  01  
 378.00   2266.00  84  10   122  01  
 377.00   2260.00  77  10   121  01  
 377.00   2260.00  77  10   121  01  
 376.00   2257.00  73  10   120  01  
 376.00   2257.00  73  10   120  01  
 377.00   2258.00  75  10   121  01  
 377.00   2258.00  75  10   121  01  
 376.00   2258.00  74  10   120  01  
 376.00   2256.00  72  10   120  01  
 376.00   2256.00  72  10   120  01  
 377.00   2257.00  74  10   121  01  
 377.00   2257.00  74  10   121  01  
 377.00   2256.00  73  10   121  01  
 377.00   2256.00  73  10   121  01  
 377.00   2259.00  76  10   121  01  
 377.00   2259.00  76  10   121  01  
 377.00   2256.00  73  10   121  01  
 377.00   2256.00  73  10   121  01  
 376.00   2243.00  59  10   120  01  
 376.00   2243.00  59  10   120  01  
 376.00   2253.00  69  10   120  01  
 376.00   2253.00  69  10   120  01  
 377.00   2254.00  71  10   121  01  
 377.00   2254.00  71  10   121  01  
 376.00   2248.00  64  10   120  01  
 376.00   2247.00  63  10   120  01  
 376.00   2247.00  63  10   120  01  
 376.00   2250.00  66  10   120  01  
 376.00   2250.00  66  10   120  01  
 377.00   2256.00  73  10   121  01  
 377.00   2256.00  73  10   121  01  
 377.00   2255.00  72  10   121  01  
 377.00   2255.00  72  10   121  01  
 375.00   2241.00  56  10   119  01  
 375.00   2241.00  56  10   119  01  
 375.00   2243.00  58  10   119  01  
 375.00   2243.00  58  10   119  01  
 376.00   2259.00  75  10   120  01  
 376.00   2259.00  75  10   120  01  
 376.00   2256.00  72  10   120  01  
 376.00   2256.00  72  10   120  01  
 374.00   2245.00  59  10   118  01  
 372.00   2229.00  41  10   116  01  
 372.00   2229.00  41  10   116  01  
 372.00   2226.00  38  10   116  01  
 372.00   2226.00  38  10   116  01  
 372.00   2232.00  44  10   116  01  
 372.00   2232.00  44  10   116  01  
 373.00   2233.00  46  10   117  01  
 373.00   2233.00  46  10   117  01  
 373.00   2234.00  47  10   117  01  
 373.00   2234.00  47  10   117  01  
 372.00   2233.00  45  10   116  01  
 372.00   2233.00  45  10   116  01  
 372.00   2230.00  42  10   116  01  
 372.00   2230.00  42  10   116  01  
 372.00   2229.00  41  10   116  01  
 372.00   2229.00  41  10   116  01  
 372.00   2230.00  42  10   116  01  
 372.00   2231.00  43  10   116  01  
 372.00   2231.00  43  10   116  01  
 372.00   2232.00  44  10   116  01  
 372.00   2232.00  44  10   116  01  
 373.00   2234.00  47  10   117  01  
 373.00   2234.00  47  10   117  01  
 373.00   2235.00  48  10   117  01  
 373.00   2235.00  48  10   117  01  
 372.00   2235.00  47  10   116  01  
 372.00   2235.00  47  10   116  01  
 372.00   2229.00  41  10   116  01  
 372.00   2229.00  41  10   116  01  
 372.00   2229.00  41  10   116  01  
 372.00   2229.00  41  10   116  01  
 372.00   2225.00  37  10   116  01  
 372.00   2225.00  37  10   116  01  
 372.00   2226.00  38  10   116  01  
 372.00   2226.00  38  10   116  01  
 372.00   2226.00  38  10   116  01  
 372.00   2226.00  38  10   116  01  
 372.00   2226.00  38  10   116  01  
 371.00   2226.00  37  10   115  01  
 371.00   2226.00  37  10   115  01  
 372.00   2228.00  40  10   116  01  
 372.00   2228.00  40  10   116  01  
 371.00   2226.00  37  10   115  01  
 371.00   2226.00  37  10   115  01  
 371.00   2226.00  37  10   115  01  
 371.00   2226.00  37  10   115  01  
 372.00   2227.00  39  10   116  01  
 372.00   2227.00  39  10   116  01  
 372.00   2228.00  40  10   116  01  
 372.00   2228.00  40  10   116  01  
 372.00   2228.00  40  10   116  01  
 372.00   2230.00  42  10   116  01  
 372.00   2230.00  42  10   116  01  
 373.00   2230.00  43  10   117  01  
 373.00   2230.00  43  10   117  01  
 373.00   2230.00  43  10   117  01  
 373.00   2230.00  43  10   117  01  
 373.00   2229.00  42  10   117  01  
 373.00   2229.00  42  10   117  01  
 373.00   2228.00  41  10   117  01  
 373.00   2228.00  41  10   117  01  
 373.00   2228.00  41  10   117  01  
 373.00   2228.00  41  10   117  01  
 374.00   2240.00  54  10   118  01  
 374.00   2240.00  54  10   118  01  
 375.00   2240.00  55  10   119  01  
 375.00   2241.00  56  10   119  01  
 375.00   2241.00  56  10   119  01  
 375.00   2240.00  55  10   119  01  
 375.00   2240.00  55  10   119  01  
 375.00   2242.00  57  10   119  01  
 375.00   2242.00  57  10   119  01  
 375.00   2239.00  54  10   119  01  
 375.00   2239.00  54  10   119  01  
 375.00   2235.00  50  10   119  01  
 375.00   2235.00  50  10   119  01  
 376.00   2235.00  51  10   120  01  
 376.00   2235.00  51  10   120  01  
 376.00   2232.00  48  10   120  01  
 376.00   2232.00  48  10   120  01  
 377.00   2235.00  52  10   121  01  
 377.00   2235.00  52  10   121  01  
 377.00   2235.00  52  10   121  01  
 378.00   2236.00  54  10   122  01  
 378.00   2236.00  54  10   122  01  
 378.00   2237.00  55  10   122  01  
 378.00   2237.00  55  10   122  01  
 379.00   2234.00  53  10   123  01  
 379.00   2234.00  53  10   123  01  
 379.00   2235.00  54  10   123  01  
 379.00   2235.00  54  10   123  01  
 380.00   2235.00  55  10   124  01  
 380.00   2235.00  55  10   124  01  
 381.00   2233.00  54  10   125  01  
 381.00   2233.00  54  10   125  01  
 382.00   2232.00  54  10   126  01  
 382.00   2232.00  54  10   126  01  
 382.00   2232.00  54  10   126  01  
 382.00   2232.00  54  10   126  01  
 383.00   2232.00  55  10   127  01  
 384.00   2232.00  56  10   128  01  
 384.00   2232.00  56  10   128  01  
 384.00   2232.00  56  10   128  01  
 384.00   2232.00  56  10   128  01  
 385.00   2234.00  59  10   129  01  
 385.00   2234.00  59  10   129  01  
 385.00   2232.00  57  10   129  01  
 385.00   2232.00  57  10   129  01  
 386.00   2235.00  61  10   130  01  
 386.00   2235.00  61  10   130  01  
 386.00   2235.00  61  10   130  01  
 386.00   2235.00  61  10   130  01  
 387.00   2234.00  61  10   131  01  
 387.00   2234.00  61  10   131  01  
 388.00   2234.00  62  10   132  01  
 388.00   2234.00  62  10   132  01  
 388.00   2235.00  63  10   132  01  
 388.00   2236.00  64  10   132  01  
 388.00   2236.00  64  10   132  01  
 389.00   2236.00  65  10   133  01  
 389.00   2236.00  65  10   133  01  
 389.00   2239.00  68  10   133  01  
 389.00   2239.00  68  10   133  01  
 389.00   2240.00  69  10   133  01  
 389.00   2240.00  69  10   133  01  
 390.00   2242.00  72  10   134  01  
 390.00   2242.00  72  10   134  01  
 390.00   2245.00  75  10   134  01  
 390.00   2245.00  75  10   134  01  
 390.00   2247.00  77  10   134  01  
 390.00   2247.00  77  10   134  01  
 390.00   2247.00  77  10   134  01  
 390.00   2247.00  77  10   134  01  
 390.00   2247.00  77  10   134  01  
 390.00   2247.00  77  10   134  01  
 390.00   2247.00  77  10   134  01  
 391.00   2247.00  78  10   135  01  
 391.00   2247.00  78  10   135  01  
 391.00   2249.00  80  10   135  01  
 391.00   2249.00  80  10   135  01  
 391.00   2250.00  81  10   135  01  
 391.00   2250.00  81  10   135  01  
 391.00   2250.00  81  10   135  01  
 391.00   2250.00  81  10   135  01  
 392.00   2251.00  83  10   136  01  
 392.00   2251.00  83  10   136  01  
 392.00   2250.00  82  10   136  01  
 392.00   2250.00  82  10   136  01  
 391.00   2249.00  80  10   135  01  
 391.00   2249.00  80  10   135  01  
 392.00   2252.00  84  10   136  01  
 392.00   2258.00  90  10   136  01  
 392.00   2258.00  90  10   136  01  
 393.00   2258.00  91  10   137  01  
 393.00   2258.00  91  10   137  01  
 393.00   2258.00  91  10   137  01  
 393.00   2258.00  91  10   137  01  
 394.00   2264.00  98  10   138  01  
 394.00   2264.00  98  10   138  01  
 394.00   2265.00  99  10   138  01  
 394.00   2265.00  99  10   138  01  
 394.00   2268.00  102  10   138  01  
 394.00   2268.00  102  10   138  01  
 395.00   2270.00  105  10   139  01  
 395.00   2270.00  105  10   139  01  
 395.00   2271.00  106  10   139  01  
 395.00   2271.00  106  10   139  01  
 395.00   2270.00  105  10   139  01  
 395.00   2270.00  105  10   139  01  
 395.00   2270.00  105  10   139  01  
 395.00   2274.00  109  10   139  01  
 395.00   2274.00  109  10   139  01  
 396.00   2279.00  115  10   140  01  
 396.00   2279.00  115  10   140  01  
 397.00   2283.00  120  10   141  01  
 397.00   2283.00  120  10   141  01  
 397.00   2285.00  122  10   141  01  
 397.00   2285.00  122  10   141  01  
 397.00   2287.00  124  10   141  01  
 397.00   2287.00  124  10   141  01  
 397.00   2285.00  122  10   141  01  
 397.00   2285.00  122  10   141  01  
 397.00   2286.00  123  10   141  01  
 397.00   2286.00  123  10   141  01  
 397.00   2288.00  125  10   141  01  
 397.00   2288.00  125  10   141  01  
 397.00   2288.00  125  10   141  01  
 398.00   2290.00  128  10   142  01  
 398.00   2290.00  128  10   142  01  
 398.00   2292.00  130  10   142  01  
 398.00   2292.00  130  10   142  01  
 398.00   2293.00  131  10   142  01  
 398.00   2293.00  131  10   142  01  
 398.00   2294.00  132  10   142  01  
 398.00   2294.00  132  10   142  01  
 398.00   2293.00  131  10   142  01  
 398.00   2293.00  131  10   142  01  
 398.00   2290.00  128  10   142  01  
 398.00   2290.00  128  10   142  01  
 398.00   2289.00  127  10   142  01  
 397.00   2289.00  126  10   141  01  
 397.00   2289.00  126  10   141  01  
 398.00   2289.00  127  10   142  01  
 398.00   2289.00  127  10   142  01  
 398.00   2291.00  129  10   142  01  
 398.00   2291.00  129  10   142  01  
 398.00   2291.00  129  10   142  01  
 398.00   2291.00  129  10   142  01  
 398.00   2293.00  131  10   142  01  
 398.00   2293.00  131  10   142  01  
 398.00   2287.00  125  10   142  01  
 398.00   2287.00  125  10   142  01  
 398.00   2288.00  126  10   142  01  
 398.00   2288.00  126  10   142  01  
 398.00   2290.00  128  10   142  01  
 398.00   2290.00  128  10   142  01  
 398.00   2288.00  126  10   142  01  
 397.00   2287.00  124  10   141  01  
 397.00   2287.00  124  10   141  01  
 398.00   2291.00  129  10   142  01  
 398.00   2291.00  129  10   142  01  
 398.00   2292.00  130  10   142  01  
 398.00   2292.00  130  10   142  01  
 399.00   2297.00  136  10   143  01  
 399.00   2297.00  136  10   143  01  
 399.00   2299.00  138  10   143  01  
 399.00   2299.00  138  10   143  01  
 400.00   2301.00  141  10   144  01  
 400.00   2301.00  141  10   144  01  
 400.00   2300.00  140  10   144  01  
 400.00   2300.00  140  10   144  01  
 399.00   2295.00  134  10   143  01  
 399.00   2295.00  134  10   143  01  
 397.00   2284.00  121  10   141  01  
 397.00   2284.00  121  10   141  01  
 397.00   2284.00  121  10   141  01  
 398.00   2287.00  125  10   142  01  
 398.00   2287.00  125  10   142  01  
 398.00   2292.00  130  10   142  01  
 398.00   2292.00  130  10   142  01  
 399.00   2296.00  135  10   143  01  
 399.00   2296.00  135  10   143  01  
 400.00   2301.00  141  10   144  01  
 400.00   2301.00  141  10   144  01  
 400.00   2301.00  141  10   144  01  
 400.00   2301.00  141  10   144  01  
 399.00   2298.00  137  10   143  01  
 399.00   2298.00  137  10   143  01  
 399.00   2293.00  132  10   143  01  
 399.00   2293.00  132  10   143  01  
 398.00   2293.00  131  10   142  01  
 398.00   2293.00  131  10   142  01  
 398.00   2293.00  131  10   142  01  
 398.00   2295.00  133  10   142  01  
 398.00   2295.00  133  10   142  01  
 399.00   2295.00  134  10   143  01  
 399.00   2295.00  134  10   143  01  
 399.00   2297.00  136  10   143  01  
 399.00   2297.00  136  10   143  01  
 399.00   2298.00  137  10   143  01  
 399.00   2298.00  137  10   143  01  
 399.00   2297.00  136  10   143  01  
 399.00   2297.00  136  10   143  01  
 399.00   2294.00  133  10   143  01  
 399.00   2294.00  133  10   143  01  
 399.00   2296.00  135  10   143  01  
 399.00   2296.00  135  10   143  01  
 398.00   2295.00  133  10   142  01  
 399.00   2295.00  134  10   143  01  
 399.00   2295.00  134  10   143  01  
 398.00   2295.00  133  10   142  01  
 398.00   2295.00  133  10   142  01  
 398.00   2293.00  131  10   142  01  
 398.00   2293.00  131  10   142  01  
 398.00   2294.00  132  10   142  01  
 398.00   2294.00  132  10   142  01  
 399.00   2293.00  132  10   143  01  
 399.00   2293.00  132  10   143  01  
 399.00   2293.00  132  10   143  01  
 399.00   2293.00  132  10   143  01  
 399.00   2292.00  131  10   143  01  
 399.00   2292.00  131  10   143  01  
 399.00   2294.00  133  10   143  01  
 400.00   2303.00  143  10   144  01  
 400.00   2303.00  143  10   144  01  
 399.00   2296.00  135  10   143  01  
 399.00   2296.00  135  10   143  01  
