115 
115 
115 
115 
115 
456 
456 
456 
456 
454 
457 
456 
456 
457 
457 
453 
453 
450 
446 
439 
440 
441 
444 
447 
444 
454 
453 
449 
449 
449 
449 
451 
452 
453 
447 
448 
449 
450 
450 
451 
452 
450 
450 
451 
450 
453 
455 
452 
453 
454 
455 
455 
455 
452 
453 
453 
453 
455 
455 
452 
452 
453 
453 
454 
455 
454 
452 
454 
453 
454 
454 
453 
451 
453 
453 
454 
452 
450 
452 
451 
451 
452 
451 
450 
450 
452 
451 
452 
453 
451 
451 
450 
451 
452 
453 
450 
451 
452 
451 
452 
453 
452 
452 
452 
453 
452 
450 
451 
452 
452 
453 
454 
451 
451 
452 
453 
453 
453 
450 
449 
450 
451 
452 
453 
452 
450 
453 
453 
455 
454 
452 
452 
453 
454 
455 
457 
455 
456 
456 
455 
457 
458 
457 
456 
456 
457 
456 
457 
457 
455 
457 
457 
458 
459 
455 
456 
456 
455 
457 
458 
455 
455 
456 
457 
457 
456 
453 
454 
455 
455 
457 
457 
456 
457 
456 
457 
456 
456 
458 
457 
457 
458 
455 
456 
456 
457 
457 
457 
457 
458 
458 
458 
458 
456 
457 
458 
457 
458 
456 
455 
456 
456 
456 
454 
454 
454 
454 
455 
454 
454 
453 
453 
453 
454 
452 
453 
453 
452 
454 
454 
452 
453 
454 
454 
454 
454 
452 
453 
454 
456 
454 
453 
453 
450 
452 
454 
450 
438 
451 
465 
