1264 
1269 
1276 
1273 
1277 
1277 
1272 
1277 
1275 
1277 
1274 
1270 
1273 
1272 
1274 
1281 
1278 
1282 
1278 
1281 
1284 
1280 
1283 
1282 
1274 
1278 
1282 
1291 
1293 
1292 
1297 
1293 
1288 
1287 
1274 
1268 
1270 
1264 
1272 
1271 
1275 
1275 
1266 
1264 
1254 
1258 
1255 
1248 
1251 
1249 
1244 
1247 
1242 
1242 
1233 
1229 
1233 
1230 
1229 
1224 
1226 
1229 
1227 
1231 
1232 
1225 
1226 
1219 
1222 
1221 
1218 
1224 
1224 
1227 
1235 
1235 
1237 
1230 
1226 
1224 
1218 
1219 
1216 
1224 
1225 
1220 
1223 
1219 
1213 
1206 
1201 
1206 
1203 
1204 
1206 
1200 
1197 
1185 
1183 
1183 
1182 
1191 
1195 
1191 
1196 
1189 
1192 
1190 
1187 
1191 
1189 
1193 
1189 
1188 
1189 
1181 
1182 
1184 
1180 
1191 
1187 
1192 
1190 
1182 
1184 
1181 
1184 
1183 
1183 
1188 
1184 
1183 
1185 
1178 
1180 
1175 
1177 
1179 
1175 
1178 
1179 
1178 
1179 
1175 
1180 
1178 
1174 
1178 
1175 
1177 
1173 
1173 
1177 
1172 
1173 
1175 
1172 
1174 
1169 
1174 
1177 
1174 
1180 
1176 
1180 
1178 
1177 
1183 
1180 
1180 
1186 
1182 
1186 
1183 
1185 
1188 
1182 
1184 
1182 
1185 
1186 
1182 
1188 
1188 
1185 
1191 
1185 
1188 
1184 
1184 
1189 
1185 
1186 
1185 
1187 
1188 
1182 
1185 
1187 
1182 
1185 
1177 
1181 
1180 
1178 
1184 
1181 
1179 
1179 
1178 
1183 
1180 
1182 
1186 
1181 
1184 
1184 
1185 
1184 
1175 
1174 
1169 
1160 
1158 
1153 
1158 
1155 
1154 
1158 
1152 
1149 
1143 
1143 
1145 
1142 
1147 
1149 
1147 
1157 
1156 
1165 
1169 
1168 
1174 
1171 
1175 
1173 
1174 
1181 
1179 
1181 
1188 
1186 
1196 
1193 
1200 
1205 
1200 
1207 
1209 
1209 
1205 
1200 
1202 
1196 
1194 
1202 
1201 
1203 
1198 
1200 
1203 
1199 
1201 
1202 
1196 
1197 
1196 
1200 
1200 
1198 
1203 
1200 
1201 
1198 
1198 
1203 
1202 
1205 
1211 
1210 
1213 
1208 
1209 
1208 
1199 
1202 
1204 
1207 
1209 
1207 
1213 
1211 
1208 
1212 
1204 
1206 
1201 
1205 
1208 
1205 
1207 
1210 
1210 
1210 
1205 
1208 
1205 
1197 
1198 
1188 
1195 
1195 
1196 
1203 
1201 
1199 
1199 
1199 
1201 
1195 
1195 
1197 
1194 
1199 
1199 
1205 
1206 
1204 
1210 
1210 
1209 
1215 
1214 
1218 
1213 
1211 
1211 
1203 
1204 
1205 
1209 
1212 
1207 
1210 
1209 
1201 
1200 
1196 
1202 
1202 
1201 
1209 
1208 
1207 
1208 
1206 
1206 
1199 
1200 
1205 
1203 
1214 
1212 
1217 
1219 
1217 
1221 
1219 
1215 
1218 
1218 
1223 
1220 
1219 
1222 
1214 
1213 
1208 
1213 
1217 
1213 
1217 
1218 
1212 
1213 
1209 
1215 
1214 
1213 
1219 
1216 
1219 
1215 
1216 
1220 
1218 
1220 
1223 
1218 
1224 
1219 
1222 
1222 
1216 
1218 
1213 
1212 
1210 
1207 
1211 
1210 
1213 
1219 
1217 
1225 
1219 
1218 
1218 
1211 
1217 
1220 
1218 
1219 
1215 
1222 
1223 
1222 
1227 
1220 
1221 
1215 
1218 
1226 
1225 
1226 
1231 
1231 
1233 
1226 
1225 
1222 
1215 
1221 
1218 
1225 
1225 
1224 
1229 
1226 
1222 
1219 
1220 
1226 
1228 
1234 
1242 
1241 
1248 
1246 
1246 
1245 
1242 
1249 
1248 
1248 
1251 
1250 
1255 
1250 
1244 
1243 
1236 
1238 
1239 
1240 
1246 
1238 
1243 
1248 
1242 
1242 
1233 
1234 
1230 
1228 
1235 
1237 
1246 
1245 
1245 
1249 
1243 
1240 
1240 
1236 
1240 
1236 
1241 
1243 
1240 
1245 
1246 
1248 
1245 
1239 
1243 
1240 
1238 
1244 
1240 
1244 
1237 
1237 
1241 
1235 
1240 
1240 
1245 
1246 
1239 
1243 
1243 
1241 
1249 
1246 
1251 
1246 
1243 
1247 
1242 
1243 
1245 
1248 
1253 
1248 
1252 
1256 
1252 
1257 
1254 
1260 
1258 
1252 
1256 
1253 
1251 
1257 
1258 
1265 
1261 
1262 
1268 
1262 
1269 
1264 
1270 
1274 
1271 
1278 
1280 
1277 
1282 
1278 
1283 
1279 
1276 
1281 
1275 
1282 
1278 
1281 
1287 
1282 
1287 
1293 
1292 
1293 
1286 
1290 
1288 
1283 
1288 
1283 
1290 
1286 
1284 
1288 
1282 
1280 
1282 
1270 
1270 
1262 
1264 
1265 
1258 
1263 
1257 
1261 
1257 
1252 
1258 
1257 
1256 
1254 
1251 
1254 
1249 
1251 
1257 
1251 
1253 
1252 
1256 
1257 
1249 
1252 
1250 
1243 
1246 
1241 
1245 
1241 
1240 
1245 
1240 
1241 
1234 
1235 
1238 
1234 
1237 
1240 
1238 
1239 
1235 
1239 
1238 
1233 
1237 
1234 
1235 
1231 
1231 
1239 
1235 
1234 
1237 
1229 
1232 
1226 
1228 
1231 
1226 
1232 
1229 
1233 
1231 
1228 
1235 
1235 
1235 
1242 
1235 
1238 
1231 
1228 
1229 
1220 
1218 
1213 
1220 
1223 
1218 
1220 
1216 
1211 
1209 
1201 
1201 
1196 
1195 
1202 
1197 
1199 
1193 
1191 
1192 
1183 
1184 
1187 
1183 
1190 
1184 
1189 
1190 
1188 
1199 
1202 
1199 
1195 
1192 
1193 
1188 
1187 
1191 
1186 
1191 
1186 
1189 
1192 
1187 
1191 
1192 
1192 
1192 
1189 
1195 
1193 
1190 
1196 
1194 
1201 
1197 
1199 
1204 
1199 
1199 
1201 
1202 
1204 
1198 
1202 
1201 
1196 
1202 
1197 
1201 
1198 
1194 
1199 
1194 
1193 
1198 
1196 
1202 
1197 
1200 
1203 
1198 
1202 
1198 
1202 
1200 
1195 
1200 
1198 
1196 
1198 
1197 
1202 
1197 
1198 
1203 
1198 
1201 
1198 
1200 
1203 
1198 
1203 
1205 
1200 
1205 
1201 
1208 
1208 
1208 
1215 
1213 
1214 
1218 
1220 
1227 
1224 
1227 
1232 
1229 
1237 
1235 
1242 
1246 
1244 
1252 
1252 
1251 
1260 
1260 
1266 
1261 
1260 
1267 
1266 
1276 
1271 
1272 
1274 
1268 
1272 
1274 
1271 
1268 
1261 
1264 
1263 
1260 
1264 
1259 
1261 
1259 
1259 
1258 
1249 
1248 
1246 
1235 
1234 
1228 
1233 
1237 
1237 
1246 
1247 
1247 
1243 
1239 
1243 
1237 
1235 
1238 
1230 
1234 
1233 
1239 
1244 
1241 
1242 
1242 
1240 
1240 
1237 
1245 
1246 
1243 
1248 
1240 
1245 
1241 
1241 
1245 
1239 
1238 
1234 
1235 
1237 
1233 
1237 
1239 
1235 
1242 
1241 
1247 
1246 
1244 
1249 
1246 
1245 
1246 
1246 
1251 
1248 
1252 
1258 
1255 
1258 
1254 
1257 
1256 
1250 
1255 
1254 
1250 
1255 
1254 
1259 
1255 
1253 
1258 
1254 
1254 
1254 
1256 
1259 
1254 
1258 
1261 
1257 
1264 
1261 
1268 
1270 
1268 
1272 
1267 
1263 
1258 
1255 
1260 
1255 
1255 
1258 
1253 
1257 
1251 
1254 
1255 
1249 
1253 
1254 
1254 
1253 
1252 
1258 
1255 
1252 
1257 
1253 
1256 
1251 
1251 
1256 
1252 
1256 
1258 
1258 
1258 
1253 
1258 
1259 
1255 
1260 
1254 
1259 
1255 
1254 
1259 
1255 
1255 
1253 
1256 
1259 
1253 
1258 
1260 
1254 
1258 
1254 
1260 
1259 
1256 
1262 
1258 
1255 
1256 
1256 
1261 
1256 
1257 
1260 
1255 
1259 
1254 
1257 
1258 
1252 
1258 
1258 
1259 
1259 
1258 
1263 
1259 
1255 
1260 
1256 
1264 
1262 
1265 
1270 
1265 
1268 
1269 
1263 
1264 
1258 
1261 
1259 
1254 
1260 
1257 
1262 
1257 
1254 
1257 
1252 
1252 
1253 
1255 
1258 
1253 
1256 
1259 
1253 
1253 
1247 
1252 
1251 
1249 
1256 
1253 
1251 
1252 
1249 
1252 
1247 
1247 
1252 
1250 
1256 
1251 
1253 
1255 
1250 
1255 
1254 
1250 
1255 
1251 
1257 
1255 
1253 
1257 
1252 
1257 
1253 
1254 
1258 
1252 
1255 
1259 
1255 
1260 
1254 
1257 
1255 
1250 
1254 
1253 
1257 
1255 
1255 
1261 
1257 
1256 
1258 
1253 
1255 
1248 
1250 
1253 
1248 
1253 
1256 
1259 
1259 
1255 
1259 
1255 
1252 
1255 
1247 
1250 
1245 
1247 
1254 
1251 
1254 
1257 
1254 
1255 
1248 
1251 
1250 
1244 
1249 
1244 
1250 
1247 
1245 
1251 
1248 
1247 
1250 
1242 
1244 
1239 
1241 
1244 
1240 
1245 
1245 
1251 
1251 
1247 
1252 
1250 
1246 
1250 
1244 
1249 
1246 
1247 
1251 
1246 
1247 
1243 
1245 
1248 
1242 
1245 
1246 
1241 
1247 
1246 
1252 
1250 
1247 
1252 
1249 
1247 
1243 
1243 
1247 
1244 
1247 
1250 
1244 
1246 
1241 
1245 
1245 
1241 
1246 
1245 
1240 
1242 
1239 
1243 
1239 
1238 
1243 
1239 
1243 
1236 
1238 
1240 
1234 
1236 
1236 
1230 
1233 
1228 
1232 
1230 
1226 
1231 
1228 
1234 
1231 
1231 
1235 
1230 
1231 
1234 
1229 
1234 
1228 
1232 
1234 
1229 
1236 
1238 
1240 
1237 
1233 
1237 
1233 
1232 
1237 
1233 
1240 
1235 
1238 
1240 
1234 
1236 
1236 
1236 
1236 
1231 
1235 
1232 
1227 
1231 
1224 
1230 
1227 
1229 
1235 
1232 
1234 
1237 
1234 
1238 
1234 
1237 
1238 
1232 
1235 
1231 
1237 
1237 
1234 
1241 
1239 
1236 
1242 
1239 
1244 
1239 
1240 
1244 
1238 
1241 
1238 
1241 
1242 
1237 
1243 
1243 
1240 
1244 
1240 
1245 
1242 
1241 
1247 
1243 
1243 
1241 
1242 
1245 
1239 
1241 
1244 
1239 
1247 
1244 
1249 
1247 
1243 
1247 
1244 
1241 
1245 
1246 
1253 
1249 
1251 
1255 
1251 
1251 
1243 
1243 
1242 
1236 
1240 
1240 
1236 
1237 
1231 
1233 
1227 
1223 
1227 
1222 
1219 
1209 
1204 
1200 
1187 
1186 
1190 
1190 
1207 
1208 
1219 
1225 
1228 
1236 
1236 
1241 
1242 
1246 
1253 
1250 
1250 
1251 
1244 
1246 
1240 
1242 
1243 
1236 
1238 
1236 
1233 
1231 
1227 
1233 
1230 
1229 
1234 
1231 
1234 
1229 
1229 
1234 
1229 
1231 
1234 
1231 
1231 
1228 
1232 
1232 
1229 
1233 
1229 
1232 
1229 
1227 
1232 
1230 
1230 
1230 
1231 
1235 
1230 
1233 
1235 
1231 
1235 
1232 
1236 
1235 
1231 
1234 
1233 
1231 
1233 
1231 
1235 
1231 
1231 
1237 
1232 
1233 
1228 
1228 
1227 
1220 
1222 
1223 
1219 
1227 
1223 
1229 
1228 
1227 
1231 
1229 
1228 
1226 
1227 
1230 
1227 
1230 
1232 
1230 
1233 
1230 
1233 
1232 
1230 
1234 
1234 
1237 
1236 
1235 
1240 
1237 
1238 
1241 
1237 
1243 
1240 
1242 
1244 
1240 
1242 
1243 
1242 
1243 
1238 
1244 
1244 
1241 
1247 
1244 
1245 
1240 
1239 
1243 
1238 
1239 
1243 
1238 
1241 
1235 
1241 
1244 
1241 
1248 
1247 
1253 
1250 
1246 
1250 
1246 
1243 
1248 
1244 
1252 
1252 
1259 
1266 
1261 
1266 
1259 
1262 
1258 
1250 
1252 
1250 
1246 
1252 
1246 
1252 
1248 
1248 
1252 
1244 
1243 
1236 
1236 
1232 
1228 
1234 
1236 
1235 
1242 
1239 
1242 
1239 
1236 
1239 
1235 
1234 
1235 
1235 
1239 
1234 
1235 
1236 
1231 
1233 
1226 
1230 
1229 
1224 
1230 
1227 
1224 
1227 
1227 
1233 
1232 
1234 
1240 
1236 
1245 
1241 
1244 
1246 
1241 
1244 
1244 
1239 
1241 
1238 
1243 
1243 
1242 
1247 
1246 
1251 
1246 
1245 
1249 
1243 
1244 
1248 
1243 
1245 
1239 
1242 
1243 
1238 
1242 
1240 
1239 
1235 
1232 
1237 
1233 
1230 
1234 
1230 
1236 
1234 
1239 
1245 
1243 
1247 
1248 
1240 
1238 
1232 
1235 
1234 
1231 
1235 
1231 
1238 
1236 
1235 
1239 
1233 
1232 
1226 
1226 
1229 
1225 
1229 
1230 
1223 
1226 
1224 
1230 
1230 
1228 
1233 
1228 
1225 
1225 
1226 
1231 
1228 
1229 
1232 
1227 
1230 
1225 
1230 
1232 
1228 
1232 
1232 
1232 
1231 
1228 
1233 
1230 
1229 
1235 
1232 
1236 
1229 
1228 
1232 
1227 
1230 
1234 
1236 
1238 
1234 
1239 
1238 
1233 
1237 
1229 
1236 
1233 
1234 
1241 
1237 
1238 
1243 
1236 
1238 
1231 
1232 
1233 
1230 
1235 
1232 
1236 
1234 
1230 
1236 
1234 
1232 
1237 
1231 
1235 
1231 
1233 
1239 
1237 
1239 
1237 
1239 
1240 
1235 
1239 
1238 
1234 
1235 
1232 
1237 
1236 
1236 
1242 
1240 
1243 
1249 
1252 
1249 
1250 
1250 
1240 
1239 
1235 
1228 
1231 
1228 
1234 
1233 
1231 
1236 
1233 
1232 
1235 
1235 
1241 
1241 
1246 
1252 
1249 
1252 
1243 
1242 
1238 
1231 
1235 
1235 
1240 
1237 
1235 
1238 
1231 
1227 
1229 
1226 
1233 
1230 
1232 
1236 
1231 
1235 
1236 
1235 
1236 
1233 
1237 
1236 
1231 
1235 
1226 
1229 
1224 
1224 
1230 
1226 
1227 
1224 
1225 
1227 
1222 
1225 
1225 
1220 
1223 
1220 
1225 
1223 
1220 
1223 
1221 
1225 
1223 
1224 
1230 
1227 
1228 
1232 
1227 
1234 
1229 
1233 
1232 
1227 
1231 
1229 
1231 
1229 
1226 
1231 
1228 
1225 
1231 
1227 
1233 
1229 
1231 
1234 
1229 
1231 
1228 
1231 
1231 
1225 
1229 
1228 
1223 
1226 
1220 
1225 
1223 
1222 
1225 
1220 
1219 
1217 
1219 
1221 
1214 
1217 
1219 
1212 
1216 
1212 
1218 
1217 
1213 
1219 
1218 
1218 
1217 
1214 
1217 
1212 
1214 
1219 
1214 
1219 
1213 
1217 
1218 
1213 
1217 
1216 
1216 
1215 
1213 
1219 
1215 
1213 
1216 
1211 
1214 
1209 
1210 
1215 
1209 
1215 
1219 
1222 
1224 
1219 
1225 
1224 
1220 
1226 
1221 
1227 
1224 
1223 
1228 
1224 
1225 
1230 
1229 
1232 
1228 
1230 
1232 
1226 
1228 
1222 
1225 
1225 
1223 
1228 
1226 
1223 
1228 
1225 
1230 
1227 
1226 
1229 
1226 
1228 
1228 
1230 
1232 
1226 
1229 
1229 
1226 
1230 
1226 
1231 
1229 
1227 
1232 
1229 
1228 
1230 
1232 
1236 
1232 
1233 
1235 
1229 
1231 
1226 
1229 
1227 
1223 
1227 
1225 
1222 
1225 
1225 
1230 
1227 
1226 
1230 
1226 
1229 
1224 
1226 
1229 
1224 
1227 
1229 
1224 
1227 
1221 
1226 
1224 
1221 
1226 
1223 
1224 
1219 
1220 
1224 
1220 
1223 
1228 
1223 
1228 
1224 
1227 
1226 
1221 
1226 
1224 
1226 
1223 
1219 
1223 
1219 
1218 
1223 
1219 
1225 
1221 
1223 
1228 
1223 
1226 
1226 
1222 
1220 
1215 
1218 
1217 
1214 
1219 
1218 
1222 
1218 
1217 
1220 
1214 
1214 
1218 
1215 
1218 
1214 
1219 
1221 
1217 
1220 
1212 
1216 
1214 
1212 
1218 
1216 
1215 
1218 
1213 
1216 
1212 
1214 
1218 
1216 
1219 
1216 
1218 
1218 
1213 
1218 
1219 
1218 
1224 
1221 
1226 
1223 
1222 
1227 
1224 
1223 
1221 
1223 
1227 
1223 
1228 
1230 
1225 
1231 
1228 
1234 
1234 
1229 
1233 
1229 
1226 
1228 
1228 
1234 
1230 
1230 
1234 
1229 
1232 
1226 
1230 
1231 
1225 
1228 
1227 
1222 
1227 
1224 
1230 
1227 
1224 
1228 
1222 
1223 
1216 
1215 
1217 
1210 
1211 
1212 
1206 
1208 
1202 
1205 
1203 
1197 
1200 
1195 
1194 
1189 
1185 
1188 
1181 
1178 
1179 
1171 
1172 
1164 
1163 
1162 
1154 
1154 
1151 
1143 
1138 
1130 
1131 
1126 
1122 
1124 
1118 
1122 
1118 
1118 
1122 
1117 
1119 
1122 
1121 
1123 
1118 
1123 
1124 
1121 
1126 
1126 
1134 
1134 
1136 
1145 
1146 
1150 
1159 
1164 
1171 
1171 
1176 
1183 
1182 
1189 
1192 
1199 
1202 
1203 
1212 
1213 
1211 
1215 
1214 
1220 
1217 
1219 
1225 
1221 
1224 
1223 
1226 
1228 
1221 
1224 
1223 
1217 
1220 
1216 
1220 
1217 
1213 
1218 
1215 
1213 
1213 
1212 
1215 
1210 
1210 
1213 
1208 
1214 
1210 
1214 
1215 
1212 
1218 
1218 
1216 
1222 
1220 
1225 
1222 
1220 
1225 
1221 
1228 
1224 
1227 
1231 
1226 
1230 
1231 
1226 
1231 
1226 
1230 
1226 
1221 
1225 
1223 
1225 
1220 
1217 
1220 
1214 
1213 
1216 
1209 
1210 
1202 
1202 
1199 
1190 
1188 
1183 
1175 
1170 
1163 
1166 
1161 
1160 
1166 
1164 
1169 
1165 
1167 
1171 
1167 
1171 
1175 
1177 
1179 
1175 
1180 
1180 
1175 
1181 
1178 
1184 
1181 
1180 
1185 
1181 
1182 
1187 
1186 
1191 
1187 
1190 
1194 
1189 
1193 
1188 
1192 
1191 
1187 
1192 
1190 
1188 
1189 
1188 
1192 
1187 
1187 
1191 
1187 
1190 
1189 
1192 
1194 
1189 
1193 
1194 
1190 
1193 
1191 
1196 
1195 
1194 
1200 
1198 
1198 
1196 
1196 
1198 
1193 
1194 
1197 
1191 
1194 
1189 
1193 
1193 
1189 
1195 
1194 
1192 
1196 
1195 
1201 
1197 
1198 
1203 
1200 
1205 
1200 
1203 
1205 
1201 
1205 
1205 
1204 
1203 
1199 
1206 
1205 
1203 
1208 
1206 
1209 
1204 
1203 
1206 
1200 
1201 
1203 
1201 
1203 
1198 
1202 
1204 
1202 
1208 
1208 
1210 
1209 
1208 
1214 
1210 
1209 
1214 
1211 
1217 
1213 
1216 
1218 
1212 
1216 
1213 
1218 
1217 
1211 
1215 
1212 
1208 
1213 
1208 
1214 
1211 
1212 
1217 
1213 
1213 
1211 
1212 
1213 
1208 
1211 
1213 
1209 
1214 
1209 
1214 
1212 
1207 
1211 
1207 
1204 
1205 
1206 
1211 
1207 
1208 
1211 
1205 
1211 
1207 
1211 
1214 
1211 
1216 
1215 
1211 
1214 
1212 
1218 
1216 
1214 
1219 
1215 
1218 
1214 
1214 
1217 
1212 
1213 
1215 
1209 
1213 
1209 
1212 
1212 
1208 
1213 
1210 
1212 
1208 
1206 
1210 
1204 
1204 
1208 
1204 
1211 
1206 
1208 
1209 
1201 
1203 
1203 
1201 
1200 
1196 
1201 
1199 
1198 
1203 
1198 
1203 
1199 
1200 
1204 
1199 
1201 
1204 
1201 
1202 
1198 
1203 
1204 
1199 
1203 
1196 
1201 
1200 
1199 
1205 
1202 
1201 
1205 
1202 
1206 
1202 
1205 
1208 
1204 
1207 
1203 
1206 
1207 
1203 
1208 
1208 
1206 
1210 
1208 
1213 
1209 
1208 
1212 
1208 
1210 
1211 
1213 
1216 
1212 
1216 
1218 
1214 
1217 
1213 
1219 
1218 
1216 
1221 
1219 
1217 
1219 
1218 
1222 
1217 
1217 
1220 
1215 
1219 
1214 
1218 
1219 
1216 
1221 
1220 
1216 
1219 
1216 
1222 
1219 
1217 
1222 
1218 
1223 
1218 
1219 
1222 
1217 
1220 
1222 
1219 
1219 
1214 
1218 
1218 
1215 
1220 
1219 
1222 
1219 
1217 
1222 
1218 
1217 
1221 
1218 
1221 
1216 
1218 
1221 
1215 
1219 
1220 
1220 
1220 
1216 
1221 
1220 
1218 
1224 
1219 
1223 
1219 
1219 
1224 
1219 
1221 
1220 
1223 
1224 
1220 
1223 
1223 
1219 
1223 
1220 
1225 
1223 
1221 
1225 
1221 
1219 
1218 
1218 
1223 
1218 
1220 
1224 
1219 
1223 
1219 
1222 
1223 
1219 
1225 
1225 
1221 
1223 
1221 
1226 
1223 
1222 
1227 
1222 
1222 
1219 
1220 
1223 
1218 
1221 
1223 
1218 
1221 
1217 
1222 
1220 
1216 
1220 
1217 
1220 
1216 
1217 
1223 
1219 
1222 
1226 
1222 
1228 
1223 
1227 
1230 
1225 
1228 
1227 
1225 
1223 
1220 
1225 
1222 
1220 
1226 
1222 
1226 
1221 
1221 
1224 
1218 
1220 
1222 
1220 
1222 
1218 
1222 
1222 
1218 
1221 
1219 
1219 
1217 
1216 
1221 
1218 
1218 
1222 
1216 
1219 
1213 
1215 
1218 
1214 
1216 
1210 
1214 
1215 
1212 
1218 
1218 
1214 
1218 
1211 
1215 
1212 
1213 
1217 
1213 
1213 
1209 
1211 
1213 
1209 
1214 
1215 
1210 
1214 
1211 
1218 
1219 
1218 
1224 
1222 
1220 
1223 
1224 
1228 
1224 
1225 
1228 
1223 
1226 
1227 
1231 
1231 
1226 
1231 
1230 
1227 
1230 
1228 
1233 
1231 
1230 
1233 
1229 
1228 
1227 
1228 
1232 
1226 
1229 
1232 
1228 
1232 
1227 
1230 
1229 
1227 
1233 
1232 
1235 
1230 
1228 
1232 
1227 
1227 
1231 
1226 
1233 
1229 
1233 
1235 
1231 
1235 
1236 
1236 
1236 
1232 
1237 
1235 
1233 
1237 
1234 
1237 
1234 
1234 
1238 
1233 
1234 
1236 
1233 
1235 
1230 
1234 
1235 
1231 
1235 
1234 
1237 
1235 
1232 
1237 
1233 
1232 
1237 
1233 
1237 
1232 
1233 
1236 
1230 
1233 
1235 
1236 
1236 
1232 
1237 
1236 
1233 
1238 
1231 
1235 
1230 
1229 
1235 
1232 
1234 
1238 
1235 
1237 
1232 
1235 
1237 
1233 
1238 
1236 
1242 
1241 
1238 
1243 
1240 
1238 
1240 
1239 
1244 
1239 
1241 
1245 
1240 
1241 
1236 
1239 
1241 
1237 
1242 
1241 
1235 
1240 
1238 
1243 
1240 
1237 
1241 
1237 
1237 
1238 
1239 
1243 
1237 
1240 
1243 
1237 
1244 
1239 
1244 
1244 
1238 
1242 
1238 
1238 
1235 
1234 
1239 
1235 
1234 
1239 
1234 
1240 
1235 
1237 
1239 
1233 
1237 
1238 
1236 
1236 
1231 
1235 
1234 
1232 
1237 
1235 
1238 
1233 
1232 
1236 
1232 
1234 
1238 
1234 
1236 
1229 
1232 
1232 
1227 
1230 
1230 
1233 
1232 
1229 
1234 
1232 
1231 
1235 
1231 
1234 
1230 
1231 
1235 
1229 
1231 
1226 
1228 
1227 
1220 
1223 
1222 
1219 
1225 
1223 
1229 
1225 
1225 
1229 
1225 
1226 
1227 
1230 
1234 
1229 
1233 
1236 
1231 
1236 
1232 
1237 
1236 
1233 
1238 
1236 
1234 
1236 
1236 
1241 
1237 
1238 
1241 
1236 
1239 
1234 
1238 
1239 
1234 
1238 
1238 
1233 
1237 
1234 
1239 
1237 
1236 
1242 
1237 
1239 
1234 
1235 
1239 
1234 
1236 
1238 
1232 
1238 
1236 
1241 
1241 
1236 
1241 
1240 
1242 
1240 
1239 
1244 
1240 
1239 
1242 
1236 
1240 
1236 
1238 
1239 
1233 
1234 
1234 
1233 
1233 
1230 
1236 
1235 
1232 
1238 
1235 
1239 
1235 
1235 
1239 
1234 
1236 
1240 
1239 
1241 
1235 
1238 
1239 
1236 
1241 
1236 
1239 
1235 
1231 
1235 
1232 
1232 
1237 
1234 
1238 
1233 
1235 
1237 
1232 
1236 
1232 
1236 
1235 
1232 
1238 
1237 
1234 
1235 
1232 
1236 
1231 
1231 
1235 
1230 
1230 
1226 
1229 
1232 
1228 
1232 
1233 
1228 
1232 
1229 
1235 
1233 
1231 
1236 
1233 
1233 
1235 
1235 
1239 
1235 
1237 
1240 
1234 
1236 
1231 
1233 
1233 
1229 
1233 
1233 
1229 
1232 
1229 
1234 
1229 
1227 
1232 
1228 
1233 
1228 
1229 
1231 
1226 
1230 
1232 
1227 
1231 
1226 
1231 
1231 
1228 
1232 
1230 
1233 
1229 
1227 
1230 
1224 
1224 
1228 
1225 
1226 
1220 
1222 
1222 
1218 
1222 
1222 
1224 
1223 
1220 
1223 
1218 
1215 
1218 
1212 
1216 
1210 
1212 
1216 
1213 
1216 
1219 
1217 
1216 
1211 
1216 
1216 
1213 
1219 
1216 
1221 
1218 
1217 
1222 
1219 
1219 
1217 
1219 
1221 
1216 
1220 
1222 
1217 
1221 
1216 
1220 
1219 
1216 
1222 
1220 
1218 
1219 
1218 
1222 
1217 
1217 
1221 
1216 
1219 
1218 
1221 
1221 
1215 
1219 
1219 
1214 
1216 
1212 
1217 
1215 
1216 
1222 
1219 
1219 
1218 
1219 
1224 
1219 
1221 
1223 
1217 
1221 
1217 
1222 
1221 
1218 
1222 
1220 
1222 
1219 
1218 
1222 
1218 
1219 
1224 
1220 
1224 
1218 
1220 
1221 
1217 
1222 
1222 
1222 
1222 
1218 
1223 
1221 
1218 
1223 
1220 
1226 
1221 
1222 
1224 
1217 
1219 
1221 
1220 
1222 
1217 
1221 
1221 
1218 
1225 
1224 
1226 
1222 
1221 
1226 
1223 
1223 
1227 
1224 
1227 
1221 
1223 
1225 
1220 
1224 
1220 
1226 
1226 
1223 
1228 
1226 
1223 
1226 
1220 
1225 
1222 
1221 
1225 
1220 
1222 
1220 
1224 
1225 
1220 
1223 
1223 
1218 
1224 
1221 
1226 
1224 
1223 
1228 
1224 
1224 
1221 
1220 
1223 
1217 
1219 
1222 
1217 
1221 
1219 
1223 
1224 
1220 
1225 
1224 
1220 
1222 
1220 
1225 
1220 
1220 
1224 
1217 
1221 
1214 
1217 
1218 
1213 
1216 
1217 
1211 
1215 
1211 
1217 
1215 
1212 
1218 
1215 
1218 
1215 
1216 
1220 
1216 
1218 
1221 
1216 
1223 
1219 
1222 
1223 
1219 
1223 
1222 
1224 
1223 
1220 
1224 
1217 
1214 
1217 
1212 
1216 
1211 
1212 
1215 
1211 
1215 
1217 
1216 
1216 
1212 
1217 
1216 
1213 
1220 
1218 
1224 
1220 
1219 
1223 
1219 
1221 
1226 
1223 
1225 
1220 
1223 
1225 
1221 
1224 
1220 
1224 
1224 
1222 
1227 
1225 
1222 
1227 
1224 
1229 
1226 
1227 
1230 
1224 
1226 
1224 
1230 
1232 
1228 
1232 
1231 
1227 
1228 
1225 
1230 
1225 
1223 
1227 
1222 
1223 
1222 
1223 
1225 
1220 
1223 
1224 
1219 
1223 
1219 
1223 
1221 
1218 
1225 
1223 
1221 
1223 
1223 
1228 
1223 
1223 
1226 
1221 
1227 
1222 
1224 
1225 
1219 
1222 
1222 
1222 
1220 
1217 
1221 
1218 
1217 
1222 
1218 
1221 
1215 
1215 
1220 
1214 
1217 
1220 
1220 
1221 
1216 
1220 
1218 
1213 
1218 
1216 
1217 
1214 
1214 
1220 
1217 
1218 
1222 
1219 
1224 
1220 
1223 
1225 
1220 
1223 
1224 
1225 
1224 
1219 
1223 
1220 
1216 
1220 
1215 
1220 
1216 
1215 
1219 
1214 
1216 
1219 
1218 
1220 
1215 
1219 
1220 
1216 
1221 
1217 
1222 
1219 
1218 
1224 
1222 
1221 
1221 
1221 
1225 
1220 
1222 
1225 
1220 
1223 
1217 
1219 
1218 
1213 
1217 
1215 
1211 
1213 
1211 
1217 
1212 
1210 
1213 
1207 
1206 
1201 
1201 
1202 
1194 
1195 
1194 
1187 
1187 
1181 
1183 
1180 
1175 
1177 
1171 
1170 
1166 
1165 
1169 
1164 
1165 
1167 
1162 
1167 
1162 
1166 
1167 
1163 
1168 
1168 
1170 
1170 
1169 
1175 
1174 
1176 
1183 
1182 
1191 
1188 
1191 
1196 
1194 
1199 
1204 
1208 
1211 
1208 
1215 
1216 
1215 
1221 
1221 
1226 
1225 
1226 
1233 
1232 
1234 
1239 
1238 
1242 
1237 
1240 
1242 
1237 
1241 
1238 
1243 
1241 
1238 
1243 
1241 
1239 
1244 
1239 
1243 
1238 
1239 
1242 
1237 
1239 
1237 
1240 
1241 
1237 
1241 
1242 
1237 
1242 
1236 
1241 
1238 
1236 
1241 
1236 
1235 
1235 
1237 
1241 
1236 
1239 
1241 
1235 
1241 
1236 
1240 
1239 
1235 
1239 
1237 
1234 
1238 
1237 
1243 
1239 
1239 
1242 
1236 
1240 
1236 
1239 
1241 
1236 
1239 
1240 
1235 
1239 
1235 
1241 
1239 
1238 
1242 
1238 
1241 
1237 
1237 
1243 
1239 
1241 
1244 
1238 
1243 
1237 
1241 
1240 
1235 
1239 
1239 
1242 
1241 
1239 
1244 
1240 
1238 
1243 
1239 
1244 
1239 
1241 
1244 
1239 
1241 
1242 
1242 
1242 
1238 
1242 
1240 
1237 
1242 
1236 
1240 
1235 
1234 
1238 
1234 
1235 
1238 
1235 
1238 
1233 
1236 
1237 
1232 
1237 
1232 
1238 
1236 
1234 
1239 
1237 
1236 
1240 
1236 
1239 
1233 
1233 
1236 
1232 
1234 
1231 
1235 
1236 
1232 
1235 
1233 
1228 
1230 
1227 
1233 
1230 
1228 
1232 
1228 
1227 
1226 
1228 
1232 
1227 
1229 
1230 
1224 
1227 
1223 
1228 
1227 
1223 
1227 
1224 
1221 
1223 
1222 
1226 
1221 
1222 
1225 
1219 
1225 
1220 
1222 
1223 
1217 
1221 
1221 
1217 
1220 
1216 
1219 
1215 
1211 
1216 
1213 
1219 
1216 
1218 
1221 
1216 
1218 
1221 
1216 
1222 
1219 
1223 
1223 
1219 
1224 
1223 
1226 
1223 
1221 
1226 
1223 
1223 
1228 
1224 
1227 
1222 
1224 
1227 
1223 
1227 
1228 
1227 
1227 
1223 
1228 
1227 
1225 
1231 
1227 
1232 
1227 
1227 
1232 
1227 
1229 
1232 
1228 
1230 
1224 
1228 
1228 
1224 
1229 
1226 
1231 
1228 
1225 
1231 
1228 
1228 
1230 
1230 
1234 
1229 
1230 
1233 
1228 
1232 
1231 
1235 
1234 
1230 
1235 
1234 
1231 
1233 
1231 
1236 
1233 
1233 
1237 
1231 
1232 
1231 
1234 
1238 
1234 
1237 
1238 
1233 
1238 
1234 
1239 
1237 
1234 
1239 
1238 
1238 
1239 
1238 
1241 
1235 
1235 
1238 
1233 
1238 
1234 
1239 
1240 
1236 
1240 
1239 
1239 
1237 
1235 
1240 
1238 
1237 
1241 
1236 
1241 
1236 
1238 
1241 
1236 
1239 
1241 
1240 
1241 
1236 
1240 
1240 
1235 
1240 
1237 
1241 
1238 
1237 
1242 
1237 
1238 
1241 
1239 
1242 
1238 
1242 
1243 
1238 
1243 
1243 
1245 
1243 
1239 
1244 
1240 
1237 
1241 
1237 
1241 
1237 
1238 
1241 
1236 
1239 
1235 
1237 
1238 
1233 
1237 
1237 
1233 
1237 
1232 
1237 
1234 
1232 
1237 
1234 
1233 
1231 
1233 
1237 
1233 
1237 
1241 
1236 
1239 
1235 
1240 
1239 
1234 
1238 
1236 
1233 
1235 
1234 
1238 
1233 
1233 
1237 
1233 
1235 
1233 
1236 
1237 
1231 
1234 
1234 
1228 
1230 
1227 
1232 
1230 
1230 
1235 
1232 
1237 
1234 
1235 
1238 
1234 
1237 
1240 
1235 
1241 
1237 
1240 
1240 
1237 
1242 
1241 
1243 
1240 
1239 
1244 
1239 
1239 
1243 
1238 
1243 
1238 
1240 
1242 
1237 
1240 
1241 
1241 
1239 
1235 
1240 
1238 
1235 
1240 
1237 
1241 
1237 
1238 
1241 
1235 
1236 
1237 
1234 
1236 
1232 
1236 
1236 
1232 
1237 
1233 
1238 
1235 
1232 
1236 
1232 
1233 
1239 
1237 
1241 
1235 
1236 
1239 
1234 
1238 
1235 
1239 
1240 
1237 
1242 
1241 
1238 
1243 
1237 
1242 
1239 
1239 
1244 
1241 
1242 
1239 
1242 
1245 
1241 
1245 
1246 
1242 
1246 
1243 
1248 
1246 
1242 
1246 
1242 
1240 
1240 
1239 
1243 
1238 
1239 
1242 
1237 
1240 
1236 
1240 
1241 
1237 
1241 
1240 
1237 
1239 
1236 
1240 
1237 
1237 
1244 
1242 
1247 
1242 
1242 
1244 
1237 
1240 
1241 
1236 
1241 
1237 
1241 
1239 
1235 
1240 
1238 
1240 
1236 
1235 
1238 
1232 
1231 
1234 
1229 
1231 
1225 
1228 
1228 
1223 
1227 
1225 
1223 
1220 
1216 
1221 
1218 
1218 
1223 
1221 
1225 
1221 
1223 
1226 
1221 
1223 
1225 
1221 
1221 
1216 
1220 
1218 
1214 
1219 
1213 
1217 
1213 
1211 
1215 
1210 
1210 
1214 
1212 
1215 
1211 
1215 
1217 
1211 
1213 
1208 
1212 
1212 
1209 
1214 
1211 
1208 
1212 
1208 
1212 
1209 
1210 
1213 
1207 
1208 
1206 
1209 
1209 
1204 
1208 
1208 
1205 
1211 
1207 
1213 
1209 
1209 
1213 
1209 
1209 
1209 
1211 
1214 
1209 
1211 
1212 
1207 
1210 
1206 
1212 
1211 
1208 
1212 
1210 
1213 
1210 
1209 
1214 
1210 
1211 
1215 
1210 
1214 
1209 
1213 
1215 
1210 
1214 
1214 
1213 
1212 
1209 
1214 
1211 
1208 
1212 
1207 
1209 
1205 
1207 
1211 
1207 
1210 
1214 
1213 
1216 
1212 
1217 
1219 
1216 
1222 
1223 
1227 
1226 
1225 
1231 
1228 
1228 
1232 
1229 
1232 
1227 
1230 
1233 
1229 
1232 
1226 
1229 
1229 
1225 
1230 
1229 
1227 
1233 
1228 
1232 
1229 
1228 
1232 
1227 
1228 
1226 
1229 
1232 
1228 
1233 
1233 
1228 
1231 
1224 
1229 
1226 
1223 
1227 
1224 
1223 
1224 
1225 
1229 
1224 
1225 
1227 
1223 
1229 
1225 
1229 
1229 
1224 
1229 
1228 
1226 
1229 
1227 
1232 
1227 
1225 
1229 
1225 
1228 
1223 
1226 
1228 
1224 
1226 
1227 
1222 
1224 
1219 
1224 
1222 
1220 
1224 
1220 
1223 
1219 
1219 
1223 
1218 
1220 
1222 
1217 
1221 
1214 
1216 
1215 
1209 
1213 
1211 
1212 
1210 
1208 
1212 
1209 
1208 
1212 
1207 
1211 
1207 
1208 
1211 
1206 
1210 
1211 
1211 
1210 
1206 
1209 
1207 
1205 
1210 
1208 
1213 
1209 
1208 
1212 
1207 
1208 
1213 
1212 
1215 
1209 
1212 
1213 
1208 
1212 
1209 
1214 
1212 
1209 
1215 
1213 
1212 
1218 
1215 
1218 
1213 
1213 
1215 
1209 
1211 
1207 
1211 
1212 
1209 
1215 
1215 
1212 
1216 
1210 
1215 
1212 
1211 
1215 
1210 
1211 
1212 
1215 
1219 
1214 
1218 
1221 
1217 
1221 
1216 
1219 
1218 
1215 
1220 
1218 
1217 
1219 
1218 
1222 
1219 
1220 
1223 
1218 
1221 
1217 
1221 
1224 
1221 
1226 
1227 
1224 
1228 
1227 
1233 
1231 
1231 
1235 
1230 
1232 
1227 
1229 
1232 
1227 
1229 
1231 
1225 
1230 
1228 
1234 
1234 
1231 
1236 
1235 
1239 
1237 
1236 
1241 
1238 
1238 
1243 
1238 
1241 
1237 
1240 
1241 
1236 
1239 
1239 
1240 
1240 
1237 
1242 
1240 
1239 
1246 
1244 
1249 
1245 
1246 
1249 
1244 
1245 
1247 
1243 
1243 
1238 
1242 
1241 
1237 
1241 
1236 
1240 
1236 
1233 
1236 
1231 
1231 
1235 
1233 
1236 
1231 
1233 
1235 
1230 
1233 
1228 
1232 
1231 
1228 
1233 
1232 
1229 
1234 
1229 
1233 
1228 
1227 
1230 
1225 
1226 
1223 
1225 
1226 
1220 
1224 
1224 
1219 
1223 
1218 
1223 
1221 
1219 
1223 
1219 
1218 
1216 
1216 
1219 
1213 
1215 
1216 
1211 
1216 
1212 
1217 
1217 
1212 
1215 
1211 
1207 
1209 
1208 
1213 
1210 
1210 
1215 
1211 
1215 
1209 
1212 
1214 
1211 
1216 
1217 
1213 
1218 
1214 
1220 
1219 
1216 
1221 
1218 
1222 
1218 
1219 
1222 
1216 
1217 
1220 
1216 
1221 
1216 
1220 
1221 
1218 
1224 
1224 
1228 
1226 
1224 
1228 
1224 
1223 
1228 
1226 
1231 
1227 
1229 
1230 
1223 
1226 
1227 
1228 
1228 
1224 
1229 
1228 
1225 
1231 
1227 
1232 
1228 
1228 
1233 
1229 
1230 
1232 
1229 
1231 
1228 
1232 
1233 
1227 
1229 
1222 
1227 
1226 
1226 
1233 
1230 
1229 
1233 
1231 
1236 
1232 
1234 
1236 
1231 
1233 
1230 
1234 
1233 
1229 
1233 
1231 
1228 
1232 
1230 
1234 
1230 
1229 
1231 
1226 
1226 
1226 
1227 
1229 
1225 
1229 
1231 
1227 
1231 
1228 
1233 
1230 
1228 
1234 
1231 
1230 
1231 
1232 
1235 
1231 
1233 
1236 
1231 
1235 
1231 
1234 
1235 
1231 
1236 
1235 
1236 
1233 
1231 
1236 
1233 
1233 
1237 
1233 
1236 
1231 
1233 
1236 
1231 
1235 
1237 
1236 
1236 
1233 
1238 
1237 
1234 
1239 
1234 
1239 
1236 
1235 
1238 
1231 
1231 
1233 
1233 
1236 
1233 
1238 
1239 
1234 
1239 
1235 
1240 
1237 
1235 
1239 
1235 
1234 
1233 
1234 
1238 
1234 
1236 
1239 
1233 
1236 
1233 
1238 
1237 
1232 
1236 
1234 
1232 
1235 
1234 
1237 
1233 
1233 
1237 
1233 
1233 
1230 
1232 
1234 
1229 
1232 
1232 
1227 
1230 
1226 
1230 
1228 
1225 
1230 
1227 
1225 
1222 
1221 
1224 
1219 
1219 
1221 
1216 
1223 
1220 
1225 
1226 
1222 
1226 
1225 
1222 
1227 
1227 
1233 
1229 
1229 
1235 
1231 
1236 
1232 
1236 
1239 
1234 
1237 
1239 
1240 
1241 
1238 
1244 
1242 
1238 
1242 
1238 
1238 
1234 
1234 
1239 
1236 
1239 
1244 
1242 
1243 
1237 
1242 
1245 
1242 
1248 
1246 
1241 
1236 
1228 
1228 
1222 
1220 
1225 
1226 
1232 
1229 
1232 
1236 
1231 
1235 
1235 
1232 
1232 
1228 
1233 
1231 
1227 
1231 
1226 
1230 
1226 
1225 
1229 
1225 
1226 
1230 
1228 
1231 
1226 
1231 
1233 
1229 
1232 
1227 
1232 
1229 
1226 
1231 
1227 
1226 
1226 
1226 
1229 
1224 
1225 
1228 
1222 
1224 
1219 
1221 
1220 
1215 
1220 
1219 
1214 
1215 
1213 
1217 
1215 
1215 
1219 
1215 
1216 
1213 
1214 
1216 
1211 
1213 
1213 
1209 
1213 
1209 
1213 
1211 
1207 
1211 
1207 
1204 
1205 
1204 
1209 
1204 
1206 
1209 
1204 
1208 
1202 
1206 
1207 
1202 
1206 
1205 
1201 
1205 
1204 
1211 
1209 
1209 
1212 
1207 
1209 
1205 
1206 
1209 
1205 
1208 
1209 
1208 
1207 
1202 
1207 
1205 
1202 
1208 
1207 
1214 
1212 
1211 
1214 
1208 
1208 
1211 
1208 
1209 
1204 
1207 
1208 
1204 
1209 
1209 
1209 
1206 
1203 
1208 
1205 
1205 
1210 
1207 
1211 
1206 
1208 
1212 
1207 
1210 
1211 
1210 
1209 
1203 
1207 
1205 
1203 
1209 
1205 
1210 
1206 
1205 
1208 
1203 
1203 
1201 
1204 
1206 
1202 
1206 
1208 
1205 
1210 
1207 
1212 
1211 
1208 
1213 
1209 
1207 
1207 
1208 
1212 
1207 
1209 
1212 
1206 
1211 
1206 
1211 
