1125 
1131 
1132 
1130 
1134 
1130 
1129 
1140 
1143 
1154 
1148 
1147 
1153 
1151 
1157 
1162 
1154 
1157 
1156 
1162 
1165 
1156 
1165 
1167 
1166 
1169 
1168 
1176 
1174 
1175 
1182 
1175 
1175 
1179 
1171 
1173 
1176 
1179 
1178 
1173 
1175 
1172 
1171 
1167 
1160 
1164 
1164 
1161 
1165 
1153 
1157 
1151 
1150 
1153 
1147 
1149 
1149 
1146 
1145 
1140 
1143 
1142 
1136 
1141 
1138 
1145 
1143 
1142 
1146 
1138 
1136 
1140 
1134 
1141 
1139 
1138 
1141 
1135 
1138 
1136 
1139 
1135 
1127 
1133 
1135 
1132 
1141 
1136 
1141 
1137 
1134 
1136 
1129 
1133 
1130 
1132 
1134 
1131 
1135 
1138 
1134 
1137 
1132 
1136 
1136 
1135 
1140 
1137 
1135 
1134 
1131 
1136 
1136 
1137 
1144 
1141 
1143 
1139 
1142 
1143 
1135 
1137 
1135 
1133 
1137 
1136 
1139 
1134 
1130 
1132 
1126 
1125 
1127 
1129 
1134 
1132 
1136 
1137 
1130 
1133 
1130 
1136 
1136 
1130 
1132 
1127 
1127 
1124 
1123 
1129 
1128 
1132 
1138 
1133 
1137 
1131 
1133 
1133 
1125 
1125 
1124 
1128 
1129 
1127 
1130 
1125 
1120 
1123 
1117 
1119 
1117 
1120 
1127 
1120 
1122 
1125 
1119 
1117 
1109 
1111 
1112 
1114 
1138 
1152 
1164 
1161 
1157 
1157 
1148 
1144 
1146 
1145 
1150 
1147 
1147 
1148 
1144 
1146 
1144 
1139 
1138 
1134 
1140 
1138 
1135 
1140 
1135 
1136 
1127 
1124 
1127 
1125 
1128 
1133 
1131 
1132 
1124 
1126 
1129 
1133 
1147 
1146 
1150 
1149 
1151 
1158 
1157 
1162 
1173 
1162 
1165 
1162 
1155 
1153 
1149 
1152 
1143 
1150 
1154 
1147 
1154 
1151 
1140 
1138 
1133 
1137 
1135 
1146 
1156 
1151 
1153 
1154 
1160 
1165 
1159 
1164 
1165 
1161 
1171 
1170 
1177 
1175 
1172 
1179 
1176 
1176 
1179 
1176 
1181 
1174 
1175 
1178 
1172 
1184 
1181 
1185 
1187 
1179 
1181 
1178 
1171 
1166 
1160 
1168 
1164 
1160 
1167 
1160 
1160 
1159 
1171 
1182 
1173 
1180 
1177 
1163 
1171 
1165 
1168 
1165 
1158 
1164 
1169 
1179 
1174 
1172 
1168 
1160 
1162 
1165 
1160 
1173 
1179 
1187 
1191 
1182 
1174 
1174 
1172 
1172 
1167 
1170 
1168 
1163 
1165 
1160 
1164 
1163 
1164 
1159 
1146 
1140 
1134 
1109 
1109 
1098 
1101 
1102 
1098 
1113 
1115 
1119 
1114 
1109 
1117 
1115 
1115 
1124 
1118 
1125 
1122 
1124 
1128 
1121 
1124 
1120 
1127 
1131 
1125 
1131 
1131 
1123 
1129 
1123 
1129 
1125 
1122 
1129 
1125 
1127 
1130 
1131 
1137 
1129 
1130 
1133 
1125 
1131 
1125 
1133 
1131 
1128 
1135 
1133 
1131 
1132 
1130 
1137 
1131 
1129 
1137 
1133 
1147 
1141 
1149 
1156 
1146 
1152 
1152 
1145 
1152 
1144 
1150 
1146 
1140 
1147 
1142 
1147 
1142 
1141 
1149 
1142 
1145 
1152 
1149 
1152 
1146 
1151 
1153 
1150 
1156 
1155 
1152 
1149 
1147 
1156 
1153 
1153 
1160 
1157 
1160 
1152 
1152 
1156 
1149 
1153 
1155 
1152 
1154 
1149 
1158 
1158 
1152 
1158 
1148 
1154 
1148 
1148 
1153 
1148 
1150 
1157 
1153 
1160 
1156 
1157 
1157 
1149 
1152 
1147 
1161 
1165 
1159 
1163 
1149 
1152 
1142 
1137 
1139 
1129 
1126 
1126 
1131 
1137 
1132 
1138 
1142 
1136 
1147 
1142 
1152 
1154 
1150 
1161 
1162 
1171 
1164 
1160 
1166 
1159 
1156 
1162 
1160 
1167 
1160 
1164 
1168 
1162 
1169 
1171 
1171 
1169 
1163 
1171 
1170 
1168 
1177 
1170 
1176 
1168 
1167 
1172 
1164 
1167 
1165 
1169 
1172 
1165 
1170 
1171 
1165 
1173 
1168 
1174 
1170 
1165 
1172 
1168 
1172 
1167 
1168 
1172 
1166 
1168 
1173 
1173 
1175 
1166 
1169 
1167 
1161 
1168 
1167 
1171 
1166 
1163 
1169 
1162 
1161 
1169 
1166 
1171 
1165 
1170 
1174 
1165 
1168 
1163 
1171 
1171 
1165 
1172 
1167 
1162 
1166 
1163 
1169 
1165 
1164 
1170 
1163 
1169 
1160 
1164 
1168 
1162 
1167 
1169 
1168 
1166 
1161 
1167 
1164 
1161 
1169 
1165 
1171 
1165 
1165 
1171 
1166 
1169 
1172 
1167 
1170 
1163 
1168 
1169 
1162 
1167 
1162 
1169 
1167 
1162 
1169 
1164 
1162 
1162 
1162 
1168 
1162 
1163 
1167 
1160 
1166 
1160 
1164 
1163 
1156 
1162 
1162 
1165 
1161 
1157 
1161 
1156 
1155 
1161 
1157 
1160 
1153 
1155 
1160 
1155 
1160 
1163 
1159 
1159 
1154 
1160 
1160 
1155 
1162 
1154 
1161 
1158 
1157 
1163 
1157 
1156 
1152 
1154 
1158 
1153 
1158 
1161 
1155 
1162 
1156 
1163 
1162 
1157 
1162 
1160 
1163 
1159 
1158 
1164 
1158 
1159 
1159 
1162 
1166 
1158 
1162 
1162 
1155 
1158 
1151 
1156 
1155 
1151 
1158 
1156 
1161 
1156 
1157 
1162 
1155 
1157 
1164 
1166 
1170 
1162 
1166 
1165 
1160 
1166 
1163 
1170 
1167 
1164 
1170 
1164 
1161 
1161 
1162 
1158 
1140 
1138 
1142 
1135 
1136 
1127 
1131 
1140 
1140 
1145 
1145 
1146 
1143 
1140 
1147 
1142 
1140 
1149 
1153 
1159 
1152 
1155 
1160 
1153 
1156 
1148 
1151 
1149 
1143 
1149 
1148 
1143 
1142 
1135 
1143 
1140 
1138 
1142 
1139 
1144 
1147 
1150 
1151 
1140 
1143 
1149 
1145 
1149 
1146 
1151 
1153 
1153 
1158 
1155 
1156 
1151 
1151 
1157 
1160 
1162 
1164 
1164 
1167 
1161 
1163 
1164 
1157 
1160 
1153 
1159 
1158 
1155 
1161 
1156 
1153 
1152 
1151 
1156 
1151 
1151 
1151 
1142 
1145 
1137 
1141 
1144 
1145 
1149 
1146 
1149 
1145 
1142 
1147 
1142 
1140 
1146 
1151 
1158 
1152 
1154 
1157 
1150 
1153 
1146 
1153 
1154 
1149 
1155 
1154 
1150 
1153 
1152 
1160 
1156 
1155 
1161 
1154 
1159 
1153 
1159 
1163 
1157 
1161 
1160 
1156 
1155 
1150 
1155 
1153 
1151 
1159 
1154 
1159 
1153 
1151 
1156 
1151 
1153 
1157 
1152 
1153 
1145 
1148 
1149 
1144 
1148 
1138 
1142 
1140 
1138 
1144 
1144 
1145 
1144 
1144 
1147 
1144 
1147 
1151 
1146 
1151 
1146 
1151 
1152 
1147 
1153 
1150 
1153 
1151 
1149 
1155 
1150 
1149 
1153 
1151 
1156 
1150 
1152 
1155 
1148 
1151 
1146 
1150 
1151 
1147 
1154 
1154 
1152 
1154 
1152 
1159 
1154 
1155 
1162 
1156 
1161 
1153 
1154 
1156 
1150 
1154 
1155 
1151 
1148 
1142 
1148 
1148 
1149 
1155 
1149 
1153 
1149 
1150 
1155 
1151 
1155 
1158 
1163 
1167 
1161 
1162 
1158 
1150 
1153 
1149 
1154 
1152 
1149 
1155 
1153 
1160 
1154 
1153 
1157 
1151 
1156 
1161 
1157 
1162 
1156 
1162 
1163 
1159 
1166 
1165 
1172 
1171 
1171 
1171 
1162 
1160 
1162 
1153 
1161 
1162 
1167 
1170 
1165 
1169 
1161 
1166 
1164 
1160 
1167 
1166 
1165 
1169 
1170 
1177 
1174 
1174 
1179 
1172 
1177 
1171 
1175 
1177 
1172 
1177 
1180 
1180 
1178 
1172 
1177 
1173 
1169 
1174 
1166 
1170 
1163 
1164 
1168 
1162 
1165 
1160 
1162 
1163 
1158 
1164 
1164 
1160 
1162 
1159 
1165 
1161 
1161 
1168 
1164 
1171 
1165 
1165 
1162 
1149 
1152 
1152 
1147 
1151 
1145 
1148 
1145 
1143 
1147 
1139 
1132 
1128 
1124 
1129 
1125 
1124 
1127 
1127 
1139 
1133 
1138 
1141 
1136 
1140 
1136 
1140 
1136 
1132 
1136 
1134 
1150 
1143 
1143 
1145 
1139 
1142 
1145 
1145 
1146 
1142 
1147 
1147 
1143 
1147 
1145 
1145 
1142 
1138 
1143 
1140 
1141 
1146 
1139 
1141 
1136 
1137 
1140 
1135 
1138 
1137 
1142 
1143 
1138 
1144 
1144 
1142 
1146 
1143 
1148 
1144 
1144 
1150 
1146 
1151 
1145 
1147 
1150 
1145 
1149 
1152 
1148 
1147 
1141 
1145 
1143 
1140 
1147 
1142 
1148 
1144 
1143 
1148 
1142 
1143 
1142 
1145 
1149 
1143 
1148 
1150 
1144 
1146 
1142 
1148 
1147 
1144 
1151 
1148 
1151 
1146 
1145 
1150 
1145 
1146 
1148 
1143 
1144 
1137 
1142 
1145 
1143 
1149 
1144 
1148 
1147 
1145 
1152 
1149 
1148 
1146 
1144 
1147 
1141 
1145 
1151 
1148 
1156 
1151 
1157 
1159 
1154 
1159 
1157 
1158 
1157 
1155 
1161 
1156 
1155 
1159 
1153 
1158 
1154 
1157 
1160 
1153 
1156 
1151 
1157 
1159 
1156 
1163 
1160 
1155 
1157 
1154 
1160 
1155 
1155 
1161 
1158 
1166 
1160 
1164 
1168 
1163 
1168 
1170 
1169 
1167 
1163 
1169 
1166 
1162 
1168 
1162 
1168 
1165 
1166 
1171 
1165 
1166 
1163 
1168 
1170 
1164 
1168 
1169 
1164 
1168 
1166 
1172 
1169 
1167 
1172 
1167 
1172 
1166 
1167 
1172 
1166 
1169 
1170 
1167 
1170 
1165 
1171 
1171 
1167 
1172 
1162 
1167 
1164 
1162 
1165 
1158 
1155 
1153 
1154 
1157 
1151 
1153 
1155 
1150 
1155 
1150 
1155 
1155 
1151 
1156 
1152 
1148 
1148 
1147 
1153 
1149 
1152 
1157 
1154 
1160 
1154 
1156 
1157 
1153 
1159 
1159 
1166 
1165 
1163 
1170 
1168 
1167 
1173 
1168 
1174 
1170 
1171 
1176 
1170 
1173 
1172 
1176 
1178 
1172 
1176 
1175 
1170 
1173 
1171 
1176 
1171 
1168 
1172 
1166 
1171 
1166 
1167 
1170 
1163 
1168 
1171 
1172 
1172 
1166 
1170 
1169 
1167 
1174 
1172 
1178 
1173 
1171 
1176 
1170 
1171 
1172 
1174 
1177 
1170 
1174 
1175 
1171 
1180 
1176 
1181 
1178 
1175 
1180 
1176 
1182 
1178 
1178 
1183 
1179 
1181 
1187 
1185 
1185 
1178 
1182 
1185 
1181 
1187 
1183 
1190 
1190 
1187 
1191 
1185 
1181 
1183 
1186 
1192 
1188 
1189 
1191 
1190 
1193 
1190 
1195 
1195 
1191 
1196 
1193 
1199 
1196 
1193 
1198 
1193 
1193 
1195 
1197 
1201 
1196 
1200 
1203 
1196 
1198 
1192 
1197 
1199 
1195 
1200 
1196 
1190 
1186 
1181 
1183 
1180 
1182 
1189 
1185 
1189 
1183 
1187 
1191 
1186 
1191 
1192 
1192 
1193 
1189 
1193 
1190 
1185 
1190 
1184 
1191 
1188 
1189 
1194 
1188 
1190 
1187 
1192 
1195 
1191 
1196 
1195 
1188 
1189 
1185 
1191 
1188 
1185 
1188 
1183 
1190 
1188 
1189 
1193 
1186 
1186 
1188 
1187 
1188 
1182 
1185 
1185 
1183 
1191 
1186 
1189 
1183 
1180 
1187 
1183 
1183 
1181 
1184 
1189 
1184 
1188 
1193 
1190 
1202 
1198 
1203 
1200 
1193 
1197 
1195 
1192 
1192 
1189 
1194 
1189 
1190 
1193 
1188 
1189 
1181 
1182 
1180 
1171 
1174 
1173 
1172 
1169 
1163 
1169 
1167 
1165 
1172 
1167 
1172 
1166 
1167 
1171 
1166 
1170 
1169 
1173 
1175 
1171 
1177 
1179 
1176 
1180 
1176 
1180 
1177 
1175 
1180 
1175 
1179 
1174 
1176 
1179 
1172 
1175 
1177 
1178 
1180 
1175 
1177 
1174 
1168 
1173 
1169 
1175 
1171 
1170 
1174 
1169 
1171 
1172 
1174 
1176 
1168 
1170 
1172 
1166 
1172 
1167 
1172 
1170 
1168 
1175 
1172 
1172 
1166 
1165 
1170 
1167 
1171 
1175 
1171 
1173 
1167 
1170 
1172 
1169 
1175 
1174 
1176 
1175 
1175 
1183 
1182 
1181 
1187 
1184 
1188 
1184 
1186 
1190 
1184 
1187 
1184 
1190 
1192 
1187 
1192 
1189 
1183 
1184 
1183 
1188 
1185 
1185 
1190 
1186 
1194 
1189 
1193 
1197 
1191 
1196 
1197 
1194 
1195 
1191 
1198 
1197 
1194 
1200 
1194 
1198 
1194 
1195 
1202 
1198 
1198 
1195 
1197 
1198 
1190 
1193 
1194 
1188 
1190 
1184 
1186 
1180 
1174 
1179 
1178 
1192 
1193 
1198 
1206 
1200 
1202 
1205 
1200 
1197 
1186 
1188 
1191 
1189 
1200 
1202 
1207 
1205 
1202 
1207 
1199 
1197 
1200 
1199 
1205 
1200 
1201 
1201 
1191 
1191 
1183 
1189 
1190 
1185 
1190 
1185 
1177 
1174 
1168 
1172 
1165 
1164 
1167 
1161 
1167 
1163 
1170 
1174 
1170 
1175 
1174 
1175 
1175 
1173 
1179 
1175 
1172 
1178 
1171 
1177 
1171 
1171 
1174 
1168 
1171 
1170 
1174 
1176 
1170 
1176 
1178 
1174 
1178 
1174 
1180 
1176 
1173 
1178 
1173 
1177 
1172 
1173 
1176 
1171 
1176 
1181 
1179 
1179 
1172 
1177 
1176 
1172 
1179 
1172 
1178 
1173 
1170 
1174 
1169 
1169 
1170 
1173 
1177 
1171 
1174 
1174 
1168 
1171 
1167 
1173 
1174 
1172 
1178 
1173 
1168 
1164 
1163 
1168 
1162 
1162 
1166 
1162 
1169 
1163 
1169 
1171 
1164 
1168 
1166 
1167 
1168 
1166 
1173 
1171 
1170 
1175 
1169 
1175 
1171 
1172 
1175 
1169 
1171 
1171 
1176 
1177 
1173 
1179 
1180 
1175 
1178 
1173 
1177 
1172 
1168 
1171 
1163 
1167 
1166 
1173 
1181 
1177 
1179 
1178 
1177 
1176 
1168 
1171 
1165 
1159 
1161 
1153 
1157 
1151 
1149 
1153 
1150 
1153 
1158 
1162 
1164 
1158 
1160 
1158 
1150 
1156 
1153 
1158 
1155 
1150 
1154 
1149 
1157 
1155 
1157 
1163 
1158 
1161 
1165 
1168 
1173 
1167 
1171 
1170 
1164 
1169 
1169 
1171 
1167 
1164 
1169 
1165 
1164 
1170 
1166 
1170 
1165 
1168 
1170 
1163 
1165 
1159 
1163 
1163 
1157 
1162 
1158 
1153 
1157 
1151 
1158 
1156 
1157 
1163 
1159 
1159 
1156 
1159 
1163 
1158 
1161 
1163 
1156 
1162 
1157 
1164 
1162 
1157 
1162 
1161 
1161 
1166 
1166 
1172 
1168 
1171 
1176 
1170 
1172 
1166 
1170 
1171 
1166 
1170 
1169 
1172 
1171 
1170 
1174 
1167 
1163 
1165 
1158 
1165 
1160 
1163 
1165 
1159 
1164 
1165 
1165 
1165 
1161 
1167 
1165 
1160 
1164 
1155 
1159 
1153 
1152 
1155 
1149 
1150 
1149 
1151 
1152 
1144 
1147 
1146 
1140 
1145 
1144 
1150 
1149 
1147 
1153 
1154 
1155 
1164 
1165 
1171 
1168 
1169 
1175 
1172 
1177 
1170 
1171 
1172 
1168 
1172 
1171 
1170 
1168 
1166 
1171 
1170 
1170 
1177 
1174 
1181 
1175 
1176 
1178 
1170 
1172 
1175 
1174 
1175 
1169 
1174 
1173 
1171 
1179 
1172 
1176 
1171 
1171 
1177 
1172 
1174 
1169 
1171 
1175 
1170 
1176 
1178 
1173 
1177 
1170 
1174 
1172 
1168 
1174 
1172 
1171 
1173 
1174 
1178 
1172 
1173 
1176 
1171 
1176 
1171 
1175 
1174 
1169 
1174 
1173 
1173 
1170 
1166 
1170 
1167 
1167 
1172 
1167 
1169 
1163 
1165 
1168 
1163 
1168 
1169 
1166 
1163 
1157 
1163 
1164 
1164 
1172 
1168 
1171 
1163 
1160 
1164 
1159 
1162 
1162 
1164 
1166 
1160 
1166 
1167 
1164 
1170 
1166 
1171 
1169 
1166 
1171 
1167 
1166 
1165 
1167 
1172 
1168 
1170 
1173 
1167 
1167 
1160 
1164 
1163 
1159 
1165 
1162 
1168 
1166 
1165 
1170 
1164 
1162 
1161 
1164 
1172 
1168 
1172 
1178 
1179 
1179 
1172 
1174 
1171 
1166 
1169 
1161 
1165 
1162 
1163 
1171 
1169 
1171 
1173 
1178 
1183 
1175 
1176 
1177 
1168 
1169 
1163 
1169 
1171 
1169 
1176 
1176 
1187 
1187 
1190 
1197 
1191 
1191 
1192 
1195 
1197 
1191 
1194 
1194 
1185 
1185 
1179 
1183 
1181 
1179 
1186 
1183 
1187 
1181 
1179 
1182 
1175 
1176 
1180 
1181 
1183 
1177 
1180 
1179 
1174 
1180 
1177 
1181 
1177 
1172 
1176 
1170 
1167 
1165 
1165 
1171 
1168 
1176 
1182 
1181 
1180 
1174 
1180 
1179 
1177 
1185 
1178 
1182 
1174 
1171 
1175 
1172 
1175 
1180 
1184 
1186 
1179 
1181 
1183 
1177 
1181 
1175 
1179 
1176 
1174 
1183 
1184 
1185 
1175 
1168 
1172 
1165 
1164 
1167 
1162 
1163 
1154 
1155 
1154 
1148 
1153 
1151 
1156 
1154 
1149 
1156 
1156 
1156 
1159 
1156 
1158 
1153 
1156 
1158 
1153 
1162 
1155 
1158 
1156 
1151 
1160 
1157 
1164 
1165 
1163 
1168 
1164 
1160 
1165 
1160 
1164 
1158 
1161 
1167 
1163 
1165 
1159 
1161 
1159 
1152 
1156 
1154 
1147 
1147 
1145 
1153 
1151 
1150 
1155 
1149 
1148 
1147 
1152 
1157 
1153 
1158 
1160 
1155 
1160 
1156 
1161 
1159 
1158 
1165 
1159 
1154 
1156 
1155 
1158 
1154 
1159 
1162 
1157 
1170 
1163 
1165 
1166 
1158 
1161 
1158 
1163 
1162 
1157 
1162 
1159 
1158 
1163 
1161 
1163 
1155 
1156 
1164 
1161 
1163 
1164 
1163 
1162 
1158 
1166 
1165 
1163 
1171 
1170 
1179 
1175 
1174 
1181 
1173 
1174 
1177 
1174 
1177 
1173 
1179 
1180 
1171 
1176 
1176 
1179 
1175 
1170 
1175 
1168 
1166 
1171 
1170 
1176 
1171 
1174 
1178 
1172 
1177 
1173 
1177 
1177 
1172 
1176 
1175 
1173 
1180 
1174 
1178 
1173 
1173 
1179 
1174 
1173 
1167 
1169 
1172 
1166 
1171 
1174 
1169 
1175 
1170 
1174 
1171 
1167 
1172 
1168 
1166 
1167 
1169 
1174 
1170 
1173 
1177 
1172 
1176 
1173 
1178 
1178 
1173 
1180 
1181 
1178 
1179 
1176 
1181 
1176 
1176 
1182 
1178 
1184 
1178 
1178 
1178 
1170 
1175 
1179 
1175 
1179 
1173 
1178 
1176 
1176 
1184 
1181 
1186 
1179 
1176 
1178 
1171 
1173 
1176 
1168 
1172 
1166 
1169 
1170 
1165 
1168 
1163 
1162 
1157 
1153 
1158 
1154 
1153 
1159 
1160 
1165 
1160 
1161 
1165 
1161 
1165 
1169 
1171 
1172 
1168 
1174 
1173 
1170 
1176 
1173 
1177 
1171 
1170 
1174 
1169 
1169 
1174 
1172 
1176 
1173 
1177 
1178 
1173 
1177 
1173 
1178 
1176 
1174 
1180 
1177 
1175 
1180 
1175 
1180 
1175 
1177 
1181 
1176 
1180 
1180 
1184 
1185 
1179 
1184 
1183 
1179 
1182 
1179 
1182 
1175 
1172 
1175 
1170 
1171 
1173 
1176 
1180 
1175 
1180 
1182 
1177 
1183 
1179 
1186 
1183 
1180 
1187 
1185 
1183 
1187 
1188 
1194 
1189 
1191 
1193 
1186 
1189 
1183 
1188 
1190 
1185 
1191 
1190 
1185 
1186 
1183 
1188 
1184 
1184 
1190 
1184 
1186 
1180 
1182 
1185 
1179 
1183 
1184 
1181 
1190 
1186 
1192 
1191 
1187 
1191 
1188 
1192 
1188 
1186 
1191 
1187 
1189 
1193 
1189 
1192 
1186 
1187 
1186 
1178 
1180 
1181 
1180 
1178 
1173 
1177 
1172 
1171 
1177 
1175 
1180 
1175 
1175 
1176 
1169 
1170 
1164 
1169 
1171 
1167 
1172 
1170 
1166 
1173 
1172 
1179 
1176 
1177 
1180 
1174 
1174 
1174 
1179 
1183 
1178 
1182 
1184 
1180 
1183 
1179 
1184 
1180 
1176 
1182 
1178 
1176 
1178 
1180 
1188 
1186 
1191 
1198 
1197 
1202 
1193 
1192 
1189 
1183 
1188 
1188 
1192 
1192 
1191 
1195 
1190 
1188 
1192 
1193 
1199 
1195 
1198 
1200 
1193 
1195 
1196 
1200 
1201 
1197 
1202 
1200 
1198 
1207 
1205 
1210 
1205 
1203 
1206 
1201 
1201 
1204 
1211 
1216 
1211 
1217 
1218 
1212 
1216 
1211 
1218 
1215 
1215 
1221 
1218 
1216 
1214 
1212 
1213 
1204 
1206 
1210 
1205 
1210 
1203 
1206 
1205 
1201 
1210 
1209 
1208 
1204 
1202 
1207 
1201 
1197 
1201 
1194 
1202 
1197 
1200 
1205 
1198 
1200 
1203 
1200 
1204 
1201 
1207 
1208 
1205 
1209 
1202 
1208 
1206 
1210 
1217 
1216 
1219 
1222 
1221 
1222 
1215 
1216 
1214 
1206 
1208 
1205 
1208 
1202 
1197 
1200 
1196 
1195 
1198 
1201 
1208 
1203 
1203 
1206 
1197 
1197 
1192 
1198 
1200 
1197 
1202 
1201 
1195 
1194 
1191 
1195 
1190 
1188 
1192 
1185 
1187 
1181 
1186 
1191 
1184 
1186 
1187 
1185 
1187 
1185 
1193 
1191 
1187 
1191 
1186 
1192 
1187 
1186 
1189 
1183 
1184 
1188 
1185 
1188 
1185 
1192 
1195 
1190 
1194 
1189 
1195 
1194 
1192 
1196 
1191 
1189 
1182 
1180 
1184 
1180 
1181 
1180 
1184 
1189 
1183 
1186 
1186 
1179 
1184 
1183 
1191 
1191 
1189 
1193 
1185 
1181 
1175 
1175 
1179 
1173 
1176 
1180 
1183 
1183 
1175 
1175 
1170 
1165 
1171 
1168 
1174 
1171 
1166 
1166 
1159 
1156 
1156 
1158 
1164 
1160 
1166 
1172 
1168 
1177 
1172 
1178 
1179 
1176 
1182 
1181 
1181 
1177 
1175 
1180 
1176 
1176 
1179 
1175 
1179 
1176 
1181 
1182 
1177 
1182 
1182 
1184 
1184 
1181 
1187 
1183 
1180 
1185 
1184 
1190 
1184 
1185 
1189 
1185 
1189 
1183 
1186 
1188 
1185 
1193 
1195 
1192 
1195 
1190 
1193 
1188 
1183 
1186 
1180 
1184 
1176 
1175 
1175 
1165 
1163 
1162 
1154 
1161 
1159 
1167 
1169 
1166 
1170 
1167 
1164 
1160 
1159 
1163 
1158 
1158 
1161 
1153 
1154 
1149 
1153 
1155 
1149 
1154 
1151 
1156 
1154 
1151 
1156 
1152 
1149 
1154 
1154 
1159 
1155 
1156 
1162 
1159 
1166 
1159 
1162 
1162 
1156 
1159 
1158 
1154 
1157 
1153 
1158 
1155 
1152 
1157 
1151 
1156 
1150 
1154 
1157 
1151 
1156 
1159 
1158 
1157 
1153 
1159 
1158 
1153 
1159 
1151 
1157 
1151 
1149 
1156 
1153 
1156 
1162 
1162 
1165 
1158 
1160 
1161 
1155 
1159 
1151 
1156 
1157 
1155 
1161 
1158 
1155 
1155 
1153 
1158 
1154 
1156 
1162 
1156 
1163 
1157 
1161 
1163 
1157 
1161 
1161 
1163 
1162 
1160 
1166 
1162 
1160 
1165 
1160 
1161 
1155 
1156 
1160 
1155 
1158 
1161 
1158 
1158 
1152 
1156 
1156 
1152 
1160 
1157 
1164 
1161 
1158 
1163 
1159 
1162 
1167 
1170 
1174 
1167 
1166 
1165 
1158 
1158 
1153 
1157 
1155 
1149 
1153 
1149 
1154 
1152 
1154 
1162 
1159 
1161 
1166 
1163 
1167 
1162 
1164 
1166 
1160 
1164 
1165 
1168 
1169 
1166 
1171 
1168 
1164 
1168 
1164 
1167 
1161 
1161 
1166 
1161 
1163 
1166 
1167 
1169 
1163 
1168 
1167 
1162 
1167 
1162 
1170 
1169 
1168 
1173 
1171 
1172 
1178 
1174 
1177 
1170 
1171 
1174 
1169 
1173 
1168 
1172 
1172 
1167 
1172 
1169 
1164 
1169 
1164 
1169 
1165 
1164 
1168 
1162 
1163 
1163 
1169 
1173 
1169 
1173 
1173 
1168 
1170 
1165 
1170 
1168 
1166 
1173 
1170 
1170 
1164 
1163 
1168 
1165 
1166 
1168 
1162 
1162 
1156 
1159 
1157 
1153 
1157 
1156 
1158 
1156 
1155 
1162 
1158 
1157 
1160 
1157 
1160 
1154 
1155 
1157 
1151 
1156 
1154 
1158 
1157 
1152 
1156 
1154 
1153 
1159 
1155 
1159 
1155 
1155 
1160 
1155 
1156 
1154 
1157 
1159 
1155 
1158 
1158 
1152 
1156 
1152 
1157 
1155 
1154 
1159 
1155 
1158 
1152 
1153 
1157 
1151 
1154 
1159 
1154 
1161 
1156 
1160 
1161 
1157 
1164 
1163 
1160 
1157 
1152 
1159 
1156 
1155 
1161 
1155 
1159 
1154 
1157 
1161 
1157 
1159 
1157 
1161 
1163 
1159 
1165 
1165 
1162 
1167 
1163 
1169 
1164 
1162 
1166 
1161 
1162 
1162 
1165 
1169 
1165 
1168 
1170 
1164 
1167 
1163 
1168 
1167 
1163 
1168 
1165 
1162 
1164 
1164 
1169 
1166 
1167 
1171 
1167 
1176 
1170 
1173 
1173 
1166 
1171 
1171 
1168 
1172 
1168 
1173 
1171 
1170 
1176 
1170 
1172 
1167 
1168 
1174 
1169 
1172 
1175 
1169 
1173 
1168 
1172 
1173 
1170 
1176 
1175 
1176 
1172 
1171 
1177 
1173 
1174 
1179 
1174 
1176 
1170 
1173 
1175 
1170 
1175 
1176 
1177 
1175 
1172 
1177 
1174 
1171 
1177 
1174 
1181 
1176 
1176 
1180 
1175 
1178 
1182 
1180 
1182 
1177 
1181 
1182 
1178 
1184 
1181 
1187 
1184 
1181 
1186 
1182 
1182 
1187 
1183 
1185 
1180 
1183 
1186 
1180 
1182 
1179 
1183 
1183 
1178 
1182 
1180 
1177 
1180 
1178 
1183 
1178 
1177 
1181 
1177 
1179 
1181 
1184 
1187 
1182 
1187 
1187 
1182 
1184 
1179 
1183 
1182 
1180 
1185 
1182 
1181 
1182 
1183 
1188 
1183 
1184 
1186 
1178 
1187 
1179 
1186 
1188 
1181 
1186 
1184 
1179 
1183 
1180 
1187 
1183 
1182 
1191 
1187 
1195 
1188 
1191 
1194 
1186 
1189 
1190 
1183 
1186 
1179 
1183 
1180 
1175 
1181 
1179 
1184 
1181 
1182 
1187 
1183 
1184 
1188 
1183 
1188 
1182 
1185 
1186 
1180 
1185 
1183 
1184 
1181 
1180 
1187 
1183 
1182 
1187 
1181 
1185 
1179 
1180 
1183 
1176 
1178 
1180 
1176 
1180 
1174 
1178 
1179 
1172 
1177 
1171 
1177 
1174 
1170 
1175 
1171 
1171 
1176 
1175 
1182 
1176 
1177 
1180 
1174 
1176 
1171 
1175 
1175 
1170 
1172 
1172 
1167 
1171 
1168 
1174 
1173 
1172 
1179 
1176 
1175 
1174 
1177 
1181 
1179 
1183 
1186 
1182 
1184 
1179 
1182 
1179 
1176 
1180 
1176 
1173 
1170 
1168 
1171 
1166 
1168 
1171 
1165 
1167 
1161 
1164 
1165 
1162 
1169 
1168 
1165 
1170 
1169 
1175 
1173 
1174 
1179 
1173 
1182 
1178 
1183 
1188 
1184 
1188 
1187 
1181 
1178 
1172 
1175 
1172 
1170 
1174 
1170 
1172 
1169 
1170 
1175 
1170 
1169 
1171 
1165 
1167 
1162 
1165 
1165 
1161 
1166 
1165 
1167 
1165 
1163 
1167 
1162 
1159 
1162 
1157 
1161 
1156 
1158 
1159 
1151 
1153 
1154 
1150 
1149 
1145 
1150 
1150 
1147 
1153 
1145 
1149 
1144 
1145 
1153 
1149 
1151 
1155 
1153 
1155 
1148 
1152 
1156 
1153 
1159 
1154 
1158 
1154 
1150 
1156 
1154 
1153 
1154 
1152 
1156 
1151 
1154 
1160 
1157 
1160 
1157 
1160 
1163 
1159 
1165 
1165 
1162 
1166 
1165 
1171 
1167 
1165 
1169 
1165 
1166 
1166 
1168 
1172 
1167 
1171 
1175 
1171 
1175 
1170 
1174 
1171 
1167 
1172 
1169 
1167 
1168 
1168 
1173 
1168 
1167 
1169 
1161 
1163 
1159 
1162 
1163 
1157 
1160 
1159 
1154 
1160 
1158 
1165 
1162 
1161 
1166 
1162 
1167 
1162 
1164 
1169 
1164 
1166 
1168 
1165 
1166 
1160 
1164 
1162 
1157 
1163 
1161 
1166 
1163 
1164 
1170 
1166 
1165 
1170 
1165 
1168 
1161 
1164 
1166 
1160 
1163 
1163 
1164 
1164 
1160 
1165 
1161 
1157 
1160 
1153 
1158 
1153 
1154 
1159 
1155 
1157 
1154 
1157 
1159 
1154 
1159 
1160 
1155 
1159 
1153 
1159 
1156 
1154 
1159 
1155 
1152 
1150 
1151 
1155 
1149 
1150 
1154 
1149 
1153 
1151 
1156 
1156 
1150 
1156 
1154 
1151 
1153 
1153 
1160 
1157 
1157 
1161 
1155 
1155 
1154 
1158 
1161 
1155 
1159 
1161 
1160 
1159 
1153 
1156 
1153 
1150 
1156 
1154 
1160 
1156 
1155 
1160 
1154 
1155 
1158 
1154 
1156 
1151 
1155 
1155 
1151 
1156 
1157 
1159 
1157 
1155 
1159 
1155 
1152 
1156 
1151 
1156 
1152 
1155 
1158 
1151 
1153 
1148 
1152 
1154 
1150 
1156 
1155 
1151 
1159 
1157 
1164 
1161 
1159 
1163 
1157 
1156 
1152 
1153 
1154 
1149 
1152 
1152 
1147 
1151 
1145 
1148 
1146 
1141 
1146 
1145 
1144 
1147 
1148 
1153 
1147 
1146 
1148 
1143 
1146 
1147 
1152 
1153 
1147 
1150 
1148 
1144 
1149 
1147 
1153 
1151 
1149 
1153 
1149 
1148 
1150 
1152 
1155 
1149 
1150 
1152 
1151 
1152 
1148 
1153 
1152 
1148 
1154 
1153 
1153 
1148 
1145 
1148 
1144 
1144 
1149 
1146 
1151 
1145 
1148 
1149 
1143 
1148 
1148 
1148 
1146 
1142 
1148 
1145 
1142 
1146 
1140 
1144 
1140 
1142 
1147 
1142 
1143 
1137 
1138 
1139 
1134 
1138 
1138 
1132 
1135 
1132 
1138 
1136 
1133 
1137 
1133 
1131 
1131 
1133 
1137 
1132 
1133 
1136 
1130 
1134 
1134 
1138 
1137 
1131 
1134 
1132 
1129 
1131 
1130 
1135 
1132 
1131 
1135 
1130 
1132 
1131 
1134 
1137 
1132 
1136 
1138 
1136 
1141 
1137 
1141 
1137 
1133 
1138 
1135 
1140 
1136 
1136 
1140 
1134 
1137 
1140 
1135 
1140 
1135 
1138 
1138 
1133 
1137 
1137 
1137 
1135 
1133 
1139 
1135 
1134 
1139 
1134 
1141 
1137 
1139 
1142 
1136 
1140 
1142 
1139 
1139 
1135 
1140 
1139 
1136 
1141 
1138 
1141 
1137 
1136 
1140 
1135 
1136 
1140 
1137 
1139 
1133 
1136 
1137 
1132 
1137 
1137 
1143 
1140 
1136 
1142 
1138 
1136 
1140 
1134 
1138 
1133 
1135 
1140 
1134 
1136 
1132 
1135 
1136 
1132 
1138 
1138 
1134 
1138 
1132 
1139 
1137 
1136 
1140 
1134 
1132 
1129 
1131 
1135 
1130 
1133 
1135 
1129 
1133 
1129 
1135 
1135 
1131 
1135 
1133 
1131 
1134 
1133 
1138 
1134 
1135 
1139 
1134 
1138 
1131 
1135 
1138 
1135 
1140 
1140 
1141 
1138 
1133 
1138 
1135 
1134 
1140 
1136 
1139 
1133 
1134 
1138 
1133 
1135 
1138 
1136 
1137 
1132 
1135 
1134 
1128 
1132 
1129 
1132 
1129 
1127 
1131 
1126 
1124 
1128 
1123 
1128 
1123 
1126 
1129 
1124 
1128 
1125 
1130 
1129 
1124 
1128 
1123 
1117 
1114 
1111 
1115 
1111 
1111 
1115 
1109 
1108 
1105 
1110 
1113 
1109 
1116 
1118 
1115 
1121 
1117 
1121 
1118 
1115 
1120 
1116 
1122 
1117 
1118 
1122 
1115 
1116 
1120 
1115 
1125 
1122 
1127 
1127 
1122 
1126 
1123 
1121 
1116 
1114 
1120 
1117 
1117 
1122 
1117 
1122 
1118 
1121 
1125 
1121 
1125 
1124 
1129 
1130 
1126 
1130 
1128 
1125 
1131 
1127 
1132 
1127 
1126 
1130 
1125 
1126 
1126 
1129 
1131 
1126 
1131 
1132 
1128 
1133 
1130 
1135 
1132 
1130 
1135 
1131 
1136 
1132 
1132 
1137 
1131 
1133 
1136 
1131 
1137 
1133 
1138 
1138 
1132 
1135 
1131 
1133 
1131 
1128 
1132 
1128 
1127 
1131 
1127 
1132 
1130 
1135 
1139 
1134 
1136 
1137 
1137 
1136 
1133 
1139 
1137 
1133 
1138 
1132 
1137 
1132 
1132 
1138 
1134 
1135 
1131 
1133 
1135 
1130 
1134 
1135 
1130 
1134 
1128 
1133 
1131 
1129 
1136 
1133 
1132 
1132 
1131 
1134 
1130 
1133 
1138 
1134 
1138 
1132 
1135 
1136 
1131 
1137 
1137 
1141 
1139 
1138 
1143 
1140 
1139 
1144 
1138 
1141 
1136 
1137 
1139 
1132 
1135 
1136 
1137 
1138 
1132 
1137 
1134 
1131 
1136 
1131 
1136 
1133 
1132 
1137 
1131 
1130 
1133 
1130 
1134 
1129 
1132 
1134 
1128 
1132 
1128 
1134 
1133 
1130 
1136 
1132 
1132 
1136 
1135 
1137 
1129 
1129 
1132 
1128 
1132 
1130 
1132 
1130 
1124 
1129 
1128 
1125 
1129 
1127 
1132 
1129 
1129 
1136 
1133 
1139 
1133 
1136 
1141 
1136 
1140 
1142 
1142 
1142 
1138 
1143 
1141 
1138 
1144 
1142 
1150 
1147 
1145 
1148 
1141 
1142 
1146 
1143 
1145 
1139 
1142 
1145 
1142 
1148 
1143 
1147 
1143 
1139 
1146 
1145 
1145 
1152 
1147 
1150 
1144 
1146 
1149 
1143 
1145 
1140 
1144 
1144 
1139 
1144 
1144 
1140 
1144 
1142 
1149 
1146 
1146 
1151 
1147 
1152 
1146 
1148 
1151 
1145 
1147 
1149 
1145 
1153 
1151 
1158 
1157 
1155 
1160 
1156 
1157 
1151 
1150 
1154 
1148 
1147 
1150 
1145 
1148 
1144 
1148 
1149 
1143 
1146 
1144 
1141 
1139 
1135 
1140 
1136 
1134 
1138 
1134 
1140 
1136 
1137 
1140 
1134 
1136 
1130 
1131 
1132 
1127 
1133 
1135 
1134 
1141 
1135 
1139 
1135 
1132 
1135 
1130 
1130 
1129 
1131 
1135 
1130 
1133 
1135 
1129 
1136 
1133 
1138 
1138 
1134 
1140 
1139 
1138 
1139 
1137 
1142 
1140 
1142 
1148 
1143 
1147 
1140 
1141 
1142 
1137 
1141 
1140 
1137 
1134 
1130 
1138 
1139 
1138 
1141 
1136 
1137 
1133 
1136 
1141 
1138 
1142 
1145 
1139 
1137 
1130 
1134 
1134 
1130 
1135 
1130 
1136 
1133 
1130 
1135 
1131 
1132 
1138 
1141 
1145 
1141 
1143 
1146 
1142 
1145 
1141 
1145 
1145 
1141 
1147 
1144 
1140 
1140 
1137 
1142 
1135 
1134 
1137 
1132 
1139 
1136 
1141 
1145 
1141 
1146 
1146 
1139 
1140 
1135 
1141 
1138 
1137 
1144 
1142 
1145 
1139 
1137 
1140 
1134 
1137 
1142 
1141 
1141 
1136 
1142 
1143 
1139 
1142 
1138 
1143 
1140 
1140 
1149 
1146 
1151 
1145 
1144 
1146 
1138 
1140 
1144 
1139 
1142 
1135 
1138 
1136 
1129 
1133 
1131 
1133 
1130 
1128 
1133 
1128 
1130 
1136 
1136 
1141 
1135 
1138 
1139 
1132 
1135 
1130 
1135 
1134 
1130 
1135 
1132 
1127 
1128 
1126 
1131 
1125 
1124 
1128 
1121 
1123 
1124 
1132 
1138 
1134 
1137 
1136 
1128 
1129 
1126 
1132 
1128 
1126 
1131 
1126 
1129 
1122 
1121 
1122 
1114 
1114 
1116 
1116 
1119 
1116 
1122 
1123 
1119 
1123 
1120 
1121 
1118 
1117 
1123 
1118 
1117 
1121 
1117 
1122 
1117 
1120 
1123 
1118 
1123 
1116 
1117 
1114 
1102 
1103 
1098 
1094 
1095 
1094 
1099 
1093 
1093 
1098 
1092 
1093 
1090 
1091 
1092 
1087 
1089 
1087 
1079 
1075 
1069 
1074 
1071 
1068 
1072 
1067 
1065 
1059 
1059 
1064 
1060 
1063 
1066 
1063 
1065 
1060 
1066 
1067 
1062 
1066 
1064 
1066 
1063 
1060 
1065 
1063 
1063 
1069 
1068 
1074 
1069 
1071 
1073 
1066 
1068 
1062 
1066 
1067 
1064 
1071 
1070 
1066 
1065 
1062 
1067 
1064 
1066 
1074 
1072 
1076 
1076 
1079 
1081 
1075 
1079 
1081 
1077 
1082 
1077 
1082 
1080 
1078 
1085 
1084 
1087 
1082 
1080 
1083 
1077 
1079 
1084 
1082 
1082 
1075 
1078 
1077 
1071 
1075 
1074 
1080 
1079 
1079 
1085 
1082 
1081 
1086 
1082 
1088 
1083 
1085 
1089 
1084 
1088 
1086 
1090 
1091 
1085 
1091 
1091 
1087 
1093 
1089 
1094 
1091 
1091 
1095 
1089 
1090 
1091 
1095 
1099 
1095 
1097 
1097 
1090 
1095 
1095 
1102 
1100 
1097 
1102 
1100 
1099 
1103 
1104 
1110 
1105 
1106 
1109 
1102 
1104 
1097 
1101 
1102 
1098 
1104 
1104 
1100 
1104 
1101 
1108 
1105 
1104 
1109 
1103 
1106 
1100 
1100 
1103 
1096 
1099 
1101 
1096 
1102 
1097 
1101 
1099 
1095 
1098 
1096 
1100 
1095 
1093 
1098 
1095 
1103 
1098 
1100 
1103 
1097 
1101 
1104 
1098 
1101 
1095 
1099 
1096 
1090 
1093 
1088 
1092 
1091 
1094 
1103 
1101 
1103 
1106 
1100 
1102 
1096 
1099 
1099 
1092 
1096 
1086 
1088 
1083 
1078 
1083 
1080 
1088 
1088 
1091 
1098 
1092 
1091 
1082 
1082 
1084 
1080 
1087 
1092 
1091 
1098 
1096 
1100 
1097 
1093 
1097 
1090 
1086 
1086 
1086 
1091 
1085 
1085 
1086 
1078 
1081 
1076 
1080 
1082 
1079 
1085 
1086 
1084 
1090 
1089 
1096 
1093 
1094 
1100 
1095 
1100 
1097 
1102 
1108 
1106 
1113 
1117 
1121 
1124 
1121 
1126 
1123 
1117 
1119 
1115 
1119 
1117 
1118 
1123 
1118 
1118 
1122 
1117 
1117 
1109 
1109 
1108 
1104 
1111 
1108 
1112 
1109 
1107 
1112 
1109 
1109 
1117 
1116 
1123 
1120 
1121 
1123 
1116 
1118 
1116 
1120 
1121 
1115 
1119 
1118 
1115 
1121 
1119 
1124 
1120 
1117 
1121 
1117 
1119 
1118 
1119 
1122 
1116 
1119 
1121 
1118 
1124 
1118 
1120 
1118 
1113 
1120 
1120 
1126 
1123 
1123 
1127 
1122 
1123 
1127 
1122 
1125 
1120 
1125 
1128 
1122 
1126 
1120 
1124 
1122 
1118 
1125 
1122 
1120 
1120 
1118 
1122 
1117 
1118 
1122 
1116 
1121 
1115 
1118 
1118 
1113 
1117 
1118 
1121 
1118 
1116 
1122 
1119 
1118 
1124 
1120 
1124 
1118 
1119 
1123 
1118 
1123 
1126 
1124 
1123 
1117 
1119 
1118 
1113 
1117 
1114 
1119 
1116 
1116 
1121 
1117 
1121 
1116 
1119 
1122 
1116 
1119 
1119 
1113 
1117 
1112 
1118 
1117 
1114 
1119 
1116 
1117 
1111 
1109 
1113 
1109 
1110 
1112 
1106 
1109 
1104 
1108 
1111 
1107 
1113 
1114 
1115 
