6112 
6112 
6112 
6112 
6112 
6112 
6112 
6112 
6112 
6112 
6112 
6112 
6112 
6112 
6112 
6112 
6112 
6112 
6112 
6112 
6112 
6112 
6112 
6112 
6112 
6112 
6112 
6112 
6112 
6112 
6112 
6112 
6112 
6112 
6112 
6112 
838 
844 
841 
842 
847 
841 
843 
838 
839 
839 
833 
835 
828 
831 
830 
826 
829 
826 
822 
821 
819 
824 
821 
822 
827 
822 
824 
823 
827 
829 
826 
831 
832 
829 
833 
830 
835 
833 
831 
836 
833 
832 
833 
833 
837 
832 
834 
836 
831 
836 
832 
836 
834 
830 
834 
832 
834 
832 
832 
837 
834 
834 
839 
833 
837 
832 
834 
836 
831 
836 
837 
837 
836 
833 
838 
836 
833 
838 
835 
838 
834 
834 
838 
834 
836 
838 
836 
837 
832 
836 
836 
832 
837 
832 
837 
834 
833 
838 
834 
834 
838 
834 
837 
832 
834 
836 
831 
834 
831 
835 
835 
832 
836 
835 
833 
838 
834 
838 
835 
835 
840 
835 
836 
833 
835 
836 
830 
833 
833 
829 
833 
830 
835 
833 
831 
836 
833 
832 
832 
833 
836 
831 
833 
835 
831 
836 
831 
835 
835 
831 
835 
834 
831 
834 
833 
838 
835 
835 
839 
834 
839 
835 
839 
842 
838 
842 
844 
839 
843 
839 
843 
841 
838 
843 
840 
844 
841 
841 
845 
840 
841 
844 
842 
843 
838 
841 
841 
836 
840 
839 
842 
840 
838 
843 
840 
839 
843 
839 
843 
838 
840 
843 
839 
842 
843 
842 
842 
838 
843 
842 
839 
843 
839 
843 
839 
838 
842 
838 
839 
838 
841 
844 
839 
842 
842 
837 
841 
836 
841 
840 
838 
843 
840 
839 
841 
841 
846 
842 
844 
847 
842 
845 
841 
844 
844 
840 
844 
844 
841 
843 
841 
845 
842 
841 
845 
841 
845 
840 
842 
844 
838 
841 
842 
838 
843 
839 
843 
842 
838 
843 
840 
842 
839 
839 
842 
838 
839 
842 
837 
842 
837 
841 
842 
838 
842 
842 
843 
842 
839 
843 
840 
839 
844 
841 
845 
840 
841 
843 
838 
841 
842 
841 
841 
836 
840 
839 
834 
838 
833 
837 
834 
833 
838 
835 
837 
840 
836 
838 
833 
836 
838 
834 
838 
835 
839 
837 
834 
838 
835 
833 
835 
835 
839 
836 
837 
839 
834 
836 
834 
838 
839 
835 
839 
839 
836 
838 
835 
840 
837 
836 
840 
836 
839 
834 
835 
837 
831 
833 
835 
830 
833 
829 
833 
832 
828 
832 
830 
834 
832 
832 
837 
833 
833 
837 
833 
839 
834 
837 
839 
834 
837 
837 
838 
838 
836 
841 
838 
836 
841 
838 
842 
839 
840 
843 
838 
840 
843 
842 
842 
838 
842 
842 
838 
842 
838 
842 
839 
838 
842 
839 
839 
843 
839 
842 
837 
839 
842 
837 
841 
837 
841 
840 
837 
842 
840 
838 
842 
837 
841 
838 
839 
844 
840 
842 
838 
840 
842 
837 
841 
841 
838 
841 
838 
843 
841 
839 
844 
840 
839 
839 
840 
844 
839 
841 
843 
838 
841 
837 
841 
840 
837 
842 
840 
837 
838 
836 
841 
837 
838 
842 
838 
843 
837 
839 
841 
836 
839 
840 
842 
841 
837 
841 
839 
837 
842 
839 
842 
839 
840 
844 
840 
841 
843 
841 
842 
838 
842 
843 
839 
844 
843 
844 
842 
840 
844 
841 
840 
844 
839 
843 
839 
841 
844 
838 
840 
841 
841 
841 
838 
842 
841 
839 
844 
840 
844 
840 
840 
844 
839 
841 
841 
844 
846 
842 
844 
844 
840 
844 
841 
846 
845 
843 
847 
844 
843 
844 
844 
848 
843 
845 
847 
842 
845 
843 
847 
847 
844 
849 
848 
845 
846 
843 
847 
843 
842 
845 
841 
844 
839 
841 
844 
839 
842 
843 
839 
842 
838 
843 
842 
839 
843 
840 
843 
840 
840 
844 
840 
840 
843 
841 
843 
838 
841 
842 
838 
842 
841 
843 
842 
840 
845 
842 
841 
845 
841 
844 
840 
842 
845 
841 
843 
845 
845 
846 
842 
846 
844 
840 
845 
840 
845 
842 
841 
845 
840 
841 
844 
842 
845 
841 
844 
846 
842 
847 
842 
846 
845 
842 
847 
845 
844 
845 
844 
848 
844 
845 
849 
844 
846 
844 
847 
848 
843 
848 
847 
845 
848 
846 
851 
847 
846 
851 
847 
847 
846 
848 
851 
846 
849 
851 
847 
852 
847 
851 
849 
845 
850 
847 
849 
846 
846 
850 
846 
847 
850 
845 
850 
845 
849 
851 
847 
851 
849 
849 
847 
844 
848 
846 
844 
848 
844 
848 
843 
845 
847 
842 
844 
845 
844 
845 
841 
845 
845 
842 
847 
844 
849 
846 
846 
850 
846 
846 
850 
846 
848 
843 
845 
846 
842 
847 
843 
846 
845 
841 
845 
841 
838 
841 
835 
839 
835 
837 
841 
836 
838 
834 
836 
837 
832 
836 
835 
830 
829 
826 
831 
829 
828 
832 
828 
829 
828 
829 
831 
826 
829 
831 
826 
829 
824 
828 
827 
823 
827 
824 
821 
823 
822 
827 
823 
823 
826 
821 
826 
821 
823 
825 
820 
824 
823 
822 
819 
814 
817 
812 
809 
812 
807 
811 
807 
808 
812 
806 
807 
808 
806 
808 
806 
811 
812 
809 
814 
809 
813 
810 
807 
811 
806 
805 
807 
799 
800 
794 
795 
796 
791 
794 
788 
790 
787 
781 
783 
779 
776 
780 
777 
780 
776 
777 
779 
774 
775 
773 
776 
777 
772 
775 
774 
770 
771 
767 
771 
768 
766 
769 
764 
763 
763 
763 
766 
761 
763 
765 
759 
762 
757 
761 
761 
758 
762 
760 
757 
758 
755 
758 
754 
754 
758 
754 
760 
756 
759 
762 
758 
763 
765 
767 
768 
765 
771 
769 
767 
772 
768 
771 
767 
768 
772 
767 
770 
773 
771 
772 
767 
772 
772 
769 
773 
772 
775 
772 
770 
775 
771 
770 
774 
770 
773 
767 
768 
769 
762 
764 
759 
763 
762 
758 
763 
762 
759 
765 
761 
766 
763 
764 
769 
764 
767 
770 
776 
780 
778 
783 
785 
782 
787 
784 
789 
787 
784 
789 
786 
784 
784 
785 
788 
783 
784 
787 
782 
785 
783 
787 
787 
783 
788 
786 
783 
786 
785 
790 
787 
786 
790 
786 
792 
787 
789 
791 
786 
790 
790 
786 
789 
785 
790 
788 
786 
790 
788 
791 
787 
787 
790 
786 
787 
790 
785 
789 
783 
787 
788 
783 
788 
787 
787 
785 
783 
787 
784 
782 
787 
784 
788 
784 
786 
788 
784 
786 
788 
788 
788 
783 
788 
787 
784 
789 
784 
789 
785 
784 
789 
784 
785 
789 
787 
790 
785 
789 
789 
785 
789 
784 
788 
787 
784 
789 
786 
785 
786 
785 
789 
784 
784 
787 
782 
784 
781 
784 
785 
781 
785 
785 
781 
785 
783 
788 
784 
782 
785 
781 
782 
783 
784 
787 
781 
784 
785 
780 
783 
779 
783 
783 
780 
785 
782 
784 
780 
779 
783 
779 
779 
783 
778 
783 
778 
782 
783 
778 
782 
782 
783 
782 
779 
783 
780 
778 
782 
778 
781 
777 
779 
783 
778 
781 
782 
781 
782 
778 
783 
782 
779 
784 
780 
785 
781 
780 
785 
781 
781 
785 
781 
784 
779 
782 
784 
780 
784 
780 
784 
783 
779 
784 
782 
780 
785 
781 
785 
781 
782 
786 
781 
783 
780 
783 
785 
781 
785 
785 
781 
785 
780 
785 
782 
781 
786 
782 
781 
781 
782 
785 
781 
784 
786 
782 
787 
783 
787 
787 
783 
787 
785 
783 
784 
783 
787 
783 
783 
787 
782 
786 
781 
784 
786 
781 
784 
784 
780 
782 
779 
784 
782 
780 
785 
781 
785 
781 
781 
785 
781 
782 
785 
783 
784 
779 
783 
783 
779 
783 
782 
784 
782 
780 
785 
782 
781 
786 
782 
786 
782 
784 
786 
781 
783 
784 
783 
783 
779 
783 
782 
779 
784 
780 
784 
780 
780 
784 
780 
782 
780 
782 
784 
780 
783 
784 
780 
784 
779 
784 
782 
779 
784 
781 
779 
780 
781 
785 
780 
781 
783 
777 
779 
776 
780 
780 
777 
781 
781 
778 
781 
779 
783 
779 
778 
783 
779 
783 
779 
781 
783 
778 
781 
782 
777 
780 
776 
781 
780 
777 
782 
780 
783 
780 
779 
784 
780 
781 
785 
780 
785 
780 
783 
784 
780 
784 
784 
785 
783 
780 
785 
782 
780 
784 
780 
784 
780 
781 
784 
779 
782 
784 
783 
784 
780 
784 
783 
780 
784 
780 
785 
781 
780 
785 
782 
782 
785 
781 
784 
779 
781 
783 
779 
782 
779 
783 
783 
780 
785 
783 
781 
786 
782 
786 
782 
783 
787 
783 
785 
783 
785 
786 
781 
785 
785 
781 
784 
781 
785 
782 
780 
784 
780 
780 
781 
782 
786 
782 
784 
787 
782 
786 
782 
787 
787 
783 
787 
785 
783 
784 
782 
786 
782 
782 
786 
782 
787 
783 
785 
787 
782 
786 
787 
786 
786 
782 
786 
785 
782 
787 
784 
787 
783 
784 
787 
782 
783 
786 
783 
784 
780 
783 
784 
780 
784 
783 
784 
783 
781 
787 
784 
783 
788 
785 
788 
783 
784 
786 
781 
784 
786 
786 
785 
781 
785 
784 
781 
786 
783 
788 
784 
784 
788 
784 
786 
784 
787 
789 
785 
788 
789 
785 
789 
784 
788 
785 
782 
787 
783 
782 
782 
782 
786 
782 
783 
786 
781 
784 
783 
787 
788 
783 
788 
787 
783 
786 
783 
788 
785 
784 
789 
785 
785 
785 
787 
789 
784 
787 
788 
784 
788 
784 
789 
788 
785 
790 
788 
791 
787 
787 
790 
786 
787 
790 
785 
789 
783 
786 
786 
782 
785 
785 
787 
785 
783 
788 
785 
785 
790 
787 
791 
786 
787 
790 
785 
787 
789 
788 
788 
784 
787 
787 
788 
786 
784 
789 
786 
785 
790 
786 
789 
784 
786 
789 
784 
788 
785 
788 
789 
785 
789 
788 
784 
789 
783 
787 
783 
781 
784 
779 
780 
778 
780 
783 
779 
782 
784 
780 
783 
779 
784 
782 
780 
785 
782 
785 
781 
781 
785 
780 
781 
784 
780 
782 
777 
781 
782 
778 
782 
777 
781 
779 
777 
781 
778 
777 
782 
780 
784 
779 
780 
783 
778 
781 
776 
780 
779 
775 
780 
779 
776 
778 
776 
781 
777 
776 
781 
777 
782 
778 
780 
783 
778 
782 
783 
782 
782 
778 
783 
781 
779 
784 
780 
785 
781 
781 
785 
781 
782 
781 
783 
786 
781 
785 
785 
781 
786 
782 
788 
786 
783 
787 
783 
782 
781 
781 
785 
780 
782 
786 
781 
785 
780 
784 
784 
781 
786 
785 
788 
785 
783 
788 
785 
784 
788 
784 
788 
783 
785 
788 
783 
786 
782 
786 
785 
782 
786 
785 
782 
784 
782 
787 
784 
784 
789 
784 
789 
784 
786 
788 
783 
786 
786 
786 
785 
781 
786 
783 
781 
785 
781 
785 
781 
781 
784 
780 
781 
777 
779 
779 
774 
777 
776 
771 
772 
768 
772 
769 
766 
770 
765 
768 
764 
764 
768 
763 
765 
767 
763 
767 
763 
767 
767 
763 
768 
767 
769 
767 
766 
771 
767 
767 
771 
769 
773 
770 
773 
776 
772 
776 
774 
779 
779 
777 
782 
780 
778 
781 
780 
785 
781 
781 
784 
779 
783 
778 
781 
783 
778 
782 
782 
782 
781 
778 
783 
780 
778 
782 
778 
783 
778 
779 
783 
779 
781 
778 
781 
781 
776 
780 
779 
775 
777 
774 
778 
775 
773 
777 
773 
776 
772 
773 
776 
772 
775 
777 
777 
777 
773 
777 
776 
773 
777 
775 
778 
776 
776 
781 
777 
777 
781 
778 
781 
777 
780 
781 
777 
781 
778 
782 
781 
778 
783 
781 
779 
780 
780 
784 
779 
780 
782 
777 
780 
775 
777 
778 
773 
777 
773 
778 
776 
774 
779 
776 
775 
776 
776 
781 
776 
778 
780 
776 
780 
775 
778 
778 
774 
779 
778 
780 
778 
776 
781 
778 
778 
779 
779 
783 
778 
780 
783 
778 
783 
778 
782 
783 
780 
784 
783 
784 
782 
779 
783 
779 
778 
782 
777 
781 
776 
779 
781 
777 
780 
777 
782 
782 
778 
783 
781 
779 
780 
779 
783 
779 
778 
782 
778 
783 
778 
781 
783 
779 
782 
783 
783 
782 
779 
784 
782 
780 
785 
781 
786 
782 
783 
786 
782 
783 
780 
783 
784 
779 
782 
782 
777 
780 
777 
782 
780 
779 
783 
780 
784 
780 
780 
784 
780 
783 
785 
784 
785 
780 
784 
784 
780 
785 
780 
785 
782 
781 
785 
782 
782 
782 
784 
787 
783 
785 
787 
782 
786 
782 
786 
785 
781 
786 
784 
787 
784 
782 
785 
780 
780 
783 
778 
782 
778 
781 
783 
779 
782 
783 
783 
782 
780 
785 
783 
781 
781 
780 
784 
779 
780 
783 
778 
782 
777 
780 
781 
777 
782 
782 
778 
781 
778 
783 
781 
779 
784 
780 
784 
780 
781 
785 
780 
783 
785 
780 
784 
779 
783 
782 
778 
783 
781 
783 
780 
779 
784 
780 
781 
785 
783 
786 
781 
783 
785 
780 
783 
783 
783 
782 
779 
784 
782 
780 
784 
780 
784 
780 
780 
784 
779 
781 
783 
781 
782 
778 
782 
782 
778 
783 
779 
784 
782 
781 
785 
782 
782 
786 
782 
785 
780 
782 
784 
779 
782 
777 
781 
781 
777 
782 
780 
778 
781 
780 
785 
781 
781 
785 
781 
783 
781 
783 
785 
780 
784 
785 
782 
787 
785 
792 
790 
790 
795 
792 
791 
791 
792 
796 
792 
795 
798 
794 
800 
795 
800 
800 
796 
801 
800 
798 
802 
802 
807 
804 
805 
810 
807 
812 
808 
811 
814 
811 
817 
819 
821 
821 
819 
825 
825 
824 
829 
826 
833 
831 
834 
839 
836 
840 
844 
844 
847 
843 
848 
849 
846 
853 
852 
858 
856 
854 
859 
855 
854 
859 
857 
862 
858 
861 
864 
860 
864 
862 
868 
869 
866 
871 
869 
866 
871 
867 
873 
869 
870 
874 
871 
873 
873 
876 
879 
875 
880 
881 
877 
883 
882 
888 
888 
887 
893 
891 
890 
892 
894 
899 
894 
896 
898 
893 
896 
891 
895 
896 
893 
898 
896 
893 
894 
892 
896 
892 
892 
897 
893 
899 
894 
896 
898 
893 
897 
898 
894 
899 
895 
898 
895 
892 
896 
893 
898 
894 
894 
898 
893 
895 
898 
897 
899 
895 
899 
900 
896 
902 
898 
902 
899 
897 
902 
899 
899 
903 
901 
905 
900 
903 
905 
899 
901 
896 
900 
899 
895 
899 
898 
896 
898 
896 
901 
896 
896 
900 
895 
899 
895 
898 
901 
897 
901 
903 
899 
904 
901 
905 
902 
899 
903 
900 
902 
897 
897 
900 
896 
899 
901 
899 
900 
895 
900 
901 
898 
902 
897 
902 
899 
897 
901 
896 
895 
899 
897 
900 
895 
898 
900 
896 
899 
895 
899 
898 
894 
899 
897 
894 
895 
894 
898 
894 
895 
898 
893 
897 
892 
895 
897 
893 
897 
897 
897 
895 
892 
897 
895 
893 
898 
895 
898 
894 
895 
898 
894 
897 
899 
896 
897 
892 
896 
895 
891 
895 
890 
894 
891 
889 
894 
890 
890 
890 
891 
894 
889 
893 
895 
890 
894 
889 
893 
892 
889 
894 
892 
890 
891 
890 
895 
890 
891 
894 
889 
894 
889 
892 
893 
889 
893 
893 
895 
894 
891 
896 
894 
892 
897 
892 
895 
890 
890 
893 
887 
890 
892 
890 
891 
887 
891 
891 
889 
894 
889 
893 
890 
889 
894 
890 
890 
890 
892 
896 
891 
894 
895 
891 
895 
892 
896 
895 
892 
896 
893 
891 
893 
894 
899 
894 
895 
898 
893 
898 
894 
897 
898 
893 
896 
896 
897 
895 
893 
897 
894 
892 
897 
893 
897 
892 
894 
896 
891 
895 
893 
897 
898 
894 
899 
898 
895 
900 
894 
899 
895 
895 
899 
894 
895 
892 
894 
897 
892 
896 
897 
892 
896 
893 
898 
897 
894 
898 
895 
896 
892 
892 
896 
892 
893 
896 
892 
896 
890 
894 
894 
890 
895 
895 
897 
895 
893 
897 
893 
892 
896 
892 
896 
892 
894 
897 
891 
894 
890 
894 
894 
890 
894 
893 
890 
895 
891 
896 
892 
892 
895 
891 
892 
890 
892 
893 
887 
890 
891 
887 
890 
887 
892 
890 
888 
892 
888 
891 
887 
887 
891 
886 
887 
890 
885 
891 
886 
890 
890 
886 
891 
890 
892 
888 
885 
889 
886 
885 
889 
886 
890 
886 
889 
891 
886 
889 
885 
889 
889 
885 
889 
887 
884 
888 
883 
888 
884 
886 
890 
885 
886 
884 
887 
889 
885 
889 
889 
884 
886 
882 
887 
885 
883 
888 
885 
889 
884 
885 
889 
884 
886 
888 
883 
887 
883 
887 
887 
884 
889 
888 
891 
888 
887 
891 
888 
888 
892 
887 
890 
885 
888 
889 
884 
887 
888 
889 
888 
885 
890 
887 
886 
891 
886 
891 
887 
888 
891 
886 
888 
886 
889 
890 
885 
889 
889 
886 
889 
887 
891 
888 
886 
890 
887 
887 
887 
888 
891 
886 
888 
890 
886 
890 
885 
889 
887 
883 
888 
886 
889 
886 
884 
889 
885 
885 
889 
885 
890 
885 
887 
889 
883 
887 
887 
888 
887 
885 
890 
887 
885 
889 
885 
890 
885 
886 
890 
885 
888 
886 
890 
891 
886 
890 
890 
886 
891 
887 
892 
889 
888 
893 
888 
887 
885 
886 
889 
884 
887 
889 
884 
888 
884 
889 
888 
885 
890 
888 
886 
888 
887 
892 
888 
888 
892 
887 
893 
888 
891 
892 
887 
891 
891 
893 
891 
888 
893 
891 
889 
893 
889 
894 
889 
891 
894 
889 
891 
893 
892 
892 
888 
892 
891 
887 
891 
887 
891 
889 
888 
892 
888 
888 
886 
887 
890 
885 
888 
890 
886 
890 
885 
888 
887 
884 
889 
887 
885 
887 
887 
891 
886 
886 
889 
884 
888 
883 
886 
887 
883 
888 
887 
888 
886 
883 
888 
884 
883 
887 
883 
888 
884 
885 
888 
883 
884 
885 
881 
881 
877 
881 
881 
879 
884 
881 
886 
884 
883 
888 
883 
884 
888 
885 
888 
883 
886 
889 
884 
888 
884 
889 
888 
885 
890 
888 
886 
888 
888 
892 
888 
889 
892 
886 
891 
887 
891 
893 
889 
893 
892 
888 
891 
888 
893 
889 
887 
892 
888 
892 
887 
889 
892 
887 
890 
893 
892 
893 
888 
892 
890 
886 
891 
889 
893 
890 
888 
892 
888 
888 
893 
890 
893 
889 
892 
893 
889 
893 
889 
894 
893 
890 
895 
893 
891 
892 
891 
896 
891 
892 
896 
892 
894 
891 
894 
895 
890 
895 
895 
892 
894 
891 
895 
892 
890 
894 
890 
895 
891 
892 
895 
890 
893 
895 
890 
895 
891 
895 
894 
891 
895 
893 
895 
893 
892 
897 
893 
894 
898 
894 
897 
892 
894 
896 
892 
896 
892 
896 
895 
892 
897 
895 
894 
899 
895 
899 
894 
894 
897 
892 
894 
892 
895 
896 
892 
896 
895 
891 
893 
889 
894 
891 
889 
893 
889 
892 
887 
888 
892 
887 
889 
886 
889 
890 
885 
890 
889 
886 
890 
888 
893 
890 
889 
894 
890 
892 
887 
888 
891 
886 
889 
891 
890 
890 
886 
890 
888 
885 
890 
886 
891 
888 
887 
892 
888 
888 
886 
887 
888 
883 
886 
888 
883 
889 
885 
891 
889 
887 
891 
889 
887 
888 
888 
892 
888 
890 
894 
889 
894 
889 
893 
894 
889 
893 
892 
893 
891 
889 
894 
891 
889 
894 
890 
894 
890 
892 
895 
890 
892 
889 
893 
893 
889 
893 
893 
889 
892 
889 
894 
890 
889 
894 
889 
894 
889 
891 
894 
889 
892 
889 
893 
893 
889 
893 
892 
889 
892 
890 
895 
892 
892 
896 
892 
893 
893 
895 
897 
892 
895 
896 
892 
895 
892 
896 
895 
893 
898 
895 
898 
894 
894 
897 
891 
891 
893 
886 
889 
883 
886 
886 
881 
884 
884 
887 
886 
885 
890 
888 
888 
890 
890 
895 
892 
894 
897 
892 
895 
891 
894 
894 
890 
894 
893 
890 
892 
889 
894 
891 
890 
894 
890 
890 
888 
889 
892 
887 
890 
892 
887 
891 
887 
892 
891 
888 
893 
891 
889 
890 
888 
891 
886 
886 
890 
885 
891 
886 
890 
891 
887 
891 
890 
890 
888 
885 
890 
887 
886 
891 
887 
891 
887 
887 
890 
885 
887 
889 
888 
889 
884 
889 
889 
885 
890 
888 
890 
886 
884 
889 
885 
885 
890 
887 
890 
885 
887 
889 
884 
888 
888 
887 
885 
881 
886 
883 
886 
883 
882 
886 
882 
882 
885 
879 
884 
879 
883 
885 
880 
884 
883 
883 
881 
878 
883 
880 
878 
883 
880 
884 
880 
882 
886 
882 
884 
887 
887 
888 
884 
888 
888 
884 
889 
888 
891 
889 
888 
893 
889 
889 
893 
890 
893 
887 
889 
890 
885 
888 
884 
889 
888 
885 
891 
889 
887 
892 
888 
892 
888 
889 
893 
888 
889 
888 
891 
893 
889 
893 
893 
889 
893 
887 
892 
890 
888 
893 
890 
889 
889 
890 
894 
889 
891 
894 
890 
893 
891 
895 
896 
893 
898 
897 
899 
896 
894 
898 
894 
893 
897 
892 
896 
891 
892 
895 
890 
893 
894 
893 
893 
889 
893 
891 
888 
893 
890 
893 
889 
890 
894 
890 
891 
894 
891 
893 
889 
892 
894 
890 
894 
890 
895 
894 
892 
897 
893 
892 
895 
891 
894 
890 
892 
895 
890 
893 
890 
894 
895 
891 
896 
896 
892 
896 
889 
893 
889 
888 
893 
889 
889 
888 
890 
892 
887 
891 
892 
888 
892 
889 
894 
892 
889 
893 
888 
893 
889 
889 
893 
888 
889 
887 
890 
892 
887 
890 
891 
886 
888 
884 
888 
887 
885 
890 
888 
890 
887 
886 
890 
886 
887 
890 
888 
890 
885 
889 
890 
885 
890 
885 
889 
887 
883 
888 
884 
883 
883 
883 
887 
883 
884 
887 
882 
885 
883 
886 
887 
882 
887 
886 
883 
886 
884 
889 
886 
885 
890 
886 
891 
887 
889 
892 
887 
889 
891 
890 
890 
886 
891 
890 
887 
892 
887 
892 
889 
888 
893 
889 
890 
889 
891 
893 
887 
890 
890 
885 
889 
885 
890 
889 
887 
891 
888 
886 
886 
886 
891 
887 
888 
892 
887 
892 
887 
890 
891 
887 
891 
890 
891 
889 
887 
892 
889 
888 
892 
888 
892 
888 
889 
892 
887 
890 
888 
892 
893 
889 
894 
893 
890 
895 
892 
897 
894 
894 
898 
893 
893 
892 
894 
896 
892 
895 
896 
892 
897 
893 
898 
897 
894 
899 
896 
898 
895 
894 
899 
895 
896 
900 
897 
899 
894 
897 
899 
894 
899 
899 
901 
900 
897 
902 
899 
896 
900 
896 
901 
897 
898 
902 
897 
899 
897 
901 
902 
898 
903 
902 
898 
899 
896 
900 
897 
895 
900 
896 
900 
895 
897 
900 
895 
898 
900 
899 
900 
896 
901 
900 
897 
901 
898 
900 
896 
895 
899 
894 
894 
898 
896 
898 
894 
896 
897 
893 
896 
892 
897 
895 
893 
898 
895 
894 
894 
893 
897 
892 
893 
897 
893 
898 
893 
895 
895 
889 
892 
892 
893 
890 
888 
893 
890 
889 
893 
889 
894 
889 
890 
893 
888 
890 
892 
891 
891 
887 
892 
891 
888 
892 
888 
893 
890 
890 
895 
891 
891 
889 
891 
894 
890 
894 
896 
892 
895 
891 
895 
894 
891 
896 
894 
896 
893 
892 
896 
891 
892 
895 
890 
896 
892 
895 
896 
890 
894 
893 
894 
893 
891 
897 
894 
894 
898 
895 
898 
894 
895 
897 
892 
895 
893 
896 
897 
894 
899 
898 
895 
897 
895 
899 
896 
896 
900 
895 
899 
895 
897 
900 
896 
899 
896 
900 
899 
894 
898 
896 
894 
896 
893 
898 
894 
894 
899 
895 
900 
895 
896 
899 
894 
897 
898 
898 
898 
895 
901 
900 
897 
900 
899 
903 
899 
899 
902 
898 
902 
897 
900 
901 
897 
900 
901 
903 
902 
898 
903 
900 
898 
903 
900 
905 
901 
901 
904 
898 
899 
895 
898 
899 
894 
899 
899 
895 
899 
896 
901 
898 
896 
901 
897 
900 
896 
898 
901 
896 
898 
901 
899 
900 
895 
900 
899 
894 
899 
893 
898 
895 
894 
900 
897 
897 
898 
899 
903 
897 
900 
902 
897 
900 
896 
901 
900 
897 
902 
900 
901 
897 
895 
900 
895 
895 
898 
893 
895 
889 
891 
893 
889 
893 
888 
893 
892 
889 
894 
891 
888 
892 
888 
893 
889 
891 
895 
890 
892 
888 
892 
893 
888 
893 
893 
890 
894 
892 
897 
894 
892 
897 
893 
898 
893 
894 
897 
893 
897 
899 
897 
896 
891 
895 
893 
889 
894 
892 
895 
891 
889 
893 
889 
889 
888 
890 
892 
887 
890 
891 
886 
889 
885 
888 
886 
883 
888 
885 
884 
886 
885 
889 
884 
886 
891 
887 
893 
888 
890 
891 
887 
890 
889 
886 
888 
886 
891 
888 
886 
890 
886 
888 
883 
884 
887 
883 
886 
888 
883 
887 
883 
887 
886 
882 
886 
884 
887 
883 
881 
884 
879 
880 
883 
879 
883 
879 
882 
884 
880 
885 
885 
887 
886 
883 
887 
884 
883 
887 
884 
888 
884 
886 
889 
885 
888 
889 
887 
887 
883 
886 
885 
881 
885 
880 
885 
882 
881 
885 
881 
885 
880 
882 
885 
882 
885 
886 
882 
886 
883 
889 
888 
886 
891 
889 
891 
888 
888 
892 
887 
888 
890 
888 
891 
886 
890 
891 
886 
890 
885 
890 
889 
886 
891 
888 
887 
892 
886 
889 
883 
883 
886 
881 
884 
882 
885 
886 
881 
886 
885 
881 
885 
882 
887 
884 
883 
887 
882 
881 
879 
882 
884 
878 
880 
881 
876 
880 
876 
880 
878 
874 
879 
876 
880 
877 
877 
881 
876 
877 
880 
878 
880 
875 
878 
880 
876 
880 
879 
881 
878 
875 
879 
876 
874 
879 
876 
880 
875 
876 
878 
874 
876 
875 
879 
880 
877 
882 
882 
879 
881 
879 
884 
881 
882 
886 
883 
884 
884 
887 
889 
886 
891 
893 
891 
895 
892 
897 
896 
894 
899 
897 
900 
896 
895 
900 
896 
899 
903 
902 
904 
899 
902 
902 
898 
902 
902 
903 
901 
898 
902 
899 
898 
902 
897 
900 
895 
896 
900 
895 
898 
897 
901 
902 
898 
903 
902 
900 
903 
901 
906 
902 
901 
905 
901 
902 
900 
902 
904 
899 
903 
905 
901 
905 
902 
906 
904 
902 
906 
904 
906 
902 
902 
905 
901 
902 
906 
901 
904 
899 
903 
903 
899 
904 
903 
904 
902 
900 
905 
901 
901 
906 
903 
906 
901 
903 
905 
900 
904 
901 
905 
905 
901 
906 
905 
903 
908 
903 
907 
903 
902 
906 
901 
902 
901 
904 
906 
901 
905 
906 
901 
905 
902 
906 
904 
901 
905 
901 
905 
902 
903 
907 
902 
904 
907 
902 
906 
901 
904 
904 
900 
905 
903 
906 
903 
903 
909 
907 
907 
911 
905 
908 
902 
904 
906 
901 
905 
905 
905 
904 
900 
904 
902 
899 
904 
900 
905 
901 
902 
906 
902 
903 
906 
905 
907 
903 
907 
908 
904 
907 
901 
904 
901 
898 
902 
898 
897 
898 
899 
903 
899 
900 
903 
897 
900 
897 
901 
902 
898 
902 
900 
898 
900 
899 
904 
902 
902 
906 
901 
902 
900 
902 
904 
899 
902 
903 
899 
903 
900 
906 
904 
901 
905 
901 
899 
899 
900 
905 
901 
903 
906 
901 
904 
898 
902 
903 
898 
903 
902 
904 
902 
900 
905 
901 
901 
906 
903 
907 
902 
905 
907 
902 
905 
907 
906 
906 
902 
907 
906 
903 
908 
902 
906 
902 
901 
906 
902 
904 
902 
904 
906 
901 
904 
905 
900 
905 
901 
906 
904 
901 
906 
903 
902 
902 
902 
906 
901 
902 
905 
900 
904 
899 
903 
903 
899 
903 
903 
905 
904 
902 
907 
903 
901 
905 
901 
906 
901 
903 
905 
901 
904 
905 
904 
905 
901 
906 
905 
902 
907 
902 
907 
904 
904 
908 
903 
904 
901 
903 
906 
902 
905 
907 
903 
906 
902 
905 
903 
900 
905 
902 
901 
902 
903 
907 
902 
902 
905 
899 
904 
899 
903 
904 
900 
905 
904 
901 
904 
901 
906 
902 
901 
905 
901 
904 
899 
901 
903 
899 
903 
904 
903 
903 
900 
904 
903 
900 
904 
901 
903 
899 
899 
903 
899 
901 
904 
901 
902 
897 
900 
900 
896 
900 
900 
901 
899 
897 
902 
899 
898 
902 
898 
902 
898 
900 
903 
899 
901 
903 
902 
903 
899 
903 
903 
899 
903 
898 
903 
900 
899 
904 
899 
900 
900 
902 
904 
899 
902 
903 
898 
902 
898 
903 
902 
899 
904 
901 
900 
900 
899 
902 
897 
898 
901 
896 
899 
896 
900 
901 
897 
902 
902 
898 
901 
899 
903 
900 
899 
903 
899 
900 
898 
900 
903 
897 
900 
901 
896 
901 
897 
902 
901 
899 
904 
901 
904 
901 
900 
903 
899 
899 
903 
898 
903 
899 
903 
905 
901 
905 
905 
904 
902 
898 
903 
900 
898 
904 
900 
904 
900 
901 
905 
900 
903 
905 
903 
904 
900 
904 
903 
899 
904 
900 
905 
901 
900 
905 
901 
901 
905 
903 
906 
901 
904 
905 
900 
903 
900 
904 
904 
900 
905 
902 
900 
904 
901 
906 
902 
903 
906 
902 
903 
900 
903 
904 
901 
904 
904 
901 
905 
902 
907 
905 
903 
907 
904 
905 
905 
906 
908 
903 
904 
905 
901 
905 
902 
907 
906 
904 
909 
906 
903 
903 
903 
907 
904 
904 
907 
903 
905 
900 
903 
904 
901 
906 
906 
903 
907 
904 
908 
904 
902 
906 
902 
908 
904 
905 
908 
902 
903 
904 
898 
901 
897 
902 
902 
900 
906 
905 
906 
903 
901 
905 
901 
901 
904 
898 
901 
896 
899 
901 
897 
902 
903 
904 
904 
901 
906 
904 
901 
906 
903 
907 
903 
903 
906 
901 
902 
904 
903 
905 
901 
905 
905 
902 
907 
905 
907 
903 
901 
904 
900 
899 
903 
900 
904 
899 
902 
905 
900 
904 
906 
906 
905 
902 
908 
906 
904 
909 
904 
909 
904 
905 
909 
905 
907 
910 
909 
911 
906 
911 
911 
907 
912 
907 
912 
910 
908 
912 
908 
908 
912 
908 
911 
906 
908 
910 
904 
908 
905 
909 
908 
904 
909 
907 
905 
906 
904 
907 
903 
903 
906 
902 
903 
901 
904 
905 
900 
904 
904 
900 
904 
900 
905 
902 
900 
905 
901 
901 
902 
902 
906 
901 
903 
906 
901 
905 
900 
904 
903 
899 
904 
903 
901 
904 
903 
908 
904 
905 
909 
904 
906 
900 
902 
904 
899 
902 
902 
897 
