321 
322 
325 
328 
326 
323 
326 
329 
328 
331 
341 
344 
346 
351 
359 
368 
373 
372 
370 
369 
368 
366 
364 
365 
362 
352 
350 
351 
357 
363 
359 
353 
350 
344 
344 
344 
344 
343 
341 
341 
341 
340 
338 
342 
343 
344 
344 
343 
343 
345 
341 
346 
369 
375 
380 
390 
395 
395 
394 
394 
395 
395 
395 
396 
401 
399 
398 
400 
402 
402 
400 
398 
398 
398 
397 
396 
396 
395 
390 
376 
361 
356 
345 
326 
332 
331 
328 
321 
325 
322 
317 
311 
308 
305 
303 
300 
305 
306 
305 
301 
297 
297 
298 
299 
297 
298 
307 
312 
329 
349 
363 
369 
369 
367 
364 
354 
347 
345 
342 
338 
336 
336 
335 
336 
336 
337 
336 
336 
335 
334 
334 
336 
334 
333 
333 
332 
333 
333 
333 
335 
335 
337 
339 
337 
337 
338 
342 
342 
329 
331 
342 
343 
342 
341 
341 
341 
340 
340 
339 
339 
338 
337 
336 
337 
337 
336 
335 
333 
333 
333 
334 
334 
334 
334 
334 
334 
334 
334 
333 
333 
333 
332 
332 
332 
332 
332 
331 
331 
330 
330 
329 
329 
328 
329 
329 
329 
329 
329 
329 
330 
329 
330 
330 
330 
329 
329 
328 
328 
328 
328 
328 
328 
329 
335 
340 
340 
340 
337 
335 
334 
332 
328 
326 
325 
326 
326 
326 
326 
326 
327 
327 
326 
327 
326 
326 
327 
327 
328 
328 
329 
329 
314 
310 
307 
312 
315 
319 
320 
318 
315 
314 
315 
318 
316 
315 
313 
313 
312 
312 
308 
306 
307 
307 
307 
308 
307 
308 
307 
307 
307 
307 
309 
312 
318 
325 
329 
326 
325 
325 
331 
342 
356 
356 
360 
359 
353 
345 
339 
336 
330 
329 
331 
330 
332 
331 
327 
326 
325 
326 
327 
327 
329 
330 
330 
328 
327 
327 
327 
326 
326 
328 
326 
324 
323 
323 
324 
324 
323 
323 
322 
320 
320 
319 
319 
319 
319 
320 
320 
320 
320 
320 
320 
320 
320 
320 
320 
320 
319 
319 
319 
319 
320 
320 
319 
319 
318 
318 
318 
318 
318 
318 
318 
318 
318 
318 
318 
317 
317 
317 
317 
317 
317 
316 
316 
316 
317 
318 
316 
316 
316 
316 
316 
316 
316 
316 
316 
315 
315 
315 
315 
315 
316 
316 
316 
316 
315 
315 
315 
315 
314 
314 
315 
314 
314 
315 
315 
314 
314 
314 
314 
314 
314 
314 
315 
316 
314 
314 
313 
313 
313 
314 
314 
314 
314 
315 
315 
316 
316 
316 
317 
317 
316 
317 
317 
317 
317 
317 
317 
318 
318 
317 
317 
317 
316 
316 
316 
316 
317 
317 
317 
317 
316 
315 
315 
314 
314 
313 
313 
313 
313 
313 
312 
312 
312 
313 
312 
312 
312 
312 
311 
312 
312 
311 
311 
312 
311 
311 
311 
312 
312 
314 
313 
312 
311 
312 
313 
314 
314 
315 
315 
316 
316 
316 
317 
316 
316 
313 
312 
310 
310 
311 
312 
313 
315 
316 
316 
317 
316 
315 
315 
