621 
623 
615 
614 
613 
610 
614 
612 
617 
620 
607 
612 
621 
619 
619 
620 
620 
620 
618 
618 
618 
619 
619 
619 
619 
618 
619 
620 
621 
622 
623 
625 
625 
626 
627 
625 
625 
624 
623 
622 
619 
617 
616 
614 
565 
562 
585 
595 
600 
602 
603 
603 
602 
602 
601 
602 
601 
604 
607 
608 
606 
605 
605 
606 
605 
605 
606 
607 
608 
605 
603 
603 
603 
605 
607 
605 
606 
606 
605 
607 
606 
605 
603 
599 
596 
595 
601 
598 
599 
600 
601 
602 
603 
603 
604 
605 
605 
604 
598 
601 
601 
598 
593 
592 
592 
592 
595 
597 
601 
605 
606 
607 
605 
606 
608 
611 
611 
613 
613 
613 
612 
612 
613 
613 
613 
612 
611 
613 
614 
612 
611 
609 
607 
607 
606 
604 
604 
604 
604 
604 
604 
605 
606 
605 
605 
605 
606 
605 
607 
608 
609 
609 
610 
611 
610 
610 
611 
610 
610 
611 
612 
612 
613 
613 
612 
613 
614 
613 
613 
613 
612 
612 
612 
610 
609 
609 
609 
608 
606 
606 
605 
605 
604 
603 
604 
605 
606 
606 
607 
607 
607 
607 
607 
607 
608 
608 
608 
608 
608 
608 
609 
610 
610 
610 
610 
611 
610 
612 
611 
612 
613 
614 
613 
611 
611 
611 
609 
609 
609 
611 
611 
610 
610 
609 
609 
609 
609 
607 
608 
608 
608 
608 
609 
608 
608 
609 
609 
609 
609 
609 
610 
611 
609 
608 
609 
609 
609 
609 
608 
608 
607 
606 
605 
604 
604 
604 
604 
603 
603 
603 
603 
604 
604 
604 
604 
604 
605 
605 
604 
605 
605 
605 
604 
604 
603 
604 
605 
606 
605 
606 
605 
605 
605 
606 
606 
606 
606 
606 
606 
605 
605 
606 
606 
606 
605 
604 
603 
602 
602 
602 
604 
603 
603 
604 
603 
603 
603 
604 
604 
605 
606 
606 
606 
606 
607 
607 
607 
607 
608 
609 
609 
609 
610 
609 
609 
608 
608 
608 
607 
608 
607 
607 
605 
608 
607 
607 
606 
607 
606 
606 
606 
605 
604 
604 
604 
603 
605 
606 
608 
608 
609 
610 
612 
611 
611 
613 
611 
611 
610 
609 
608 
608 
608 
602 
599 
600 
601 
604 
604 
603 
599 
601 
599 
597 
597 
603 
603 
602 
600 
600 
601 
603 
603 
603 
603 
603 
603 
603 
600 
603 
603 
604 
602 
600 
597 
599 
600 
601 
599 
600 
602 
601 
599 
601 
602 
600 
602 
601 
600 
598 
596 
596 
597 
597 
596 
596 
597 
598 
598 
596 
595 
595 
597 
596 
595 
594 
591 
594 
599 
601 
602 
605 
608 
610 
608 
607 
605 
606 
605 
606 
605 
604 
604 
603 
604 
604 
603 
603 
603 
603 
604 
605 
606 
608 
608 
609 
607 
607 
608 
606 
604 
611 
617 
619 
623 
621 
616 
612 
609 
607 
608 
606 
604 
603 
601 
601 
600 
600 
601 
601 
602 
602 
603 
602 
602 
602 
602 
603 
603 
604 
603 
603 
603 
604 
605 
605 
605 
604 
604 
605 
598 
595 
597 
600 
602 
604 
605 
603 
602 
602 
602 
603 
605 
605 
605 
605 
605 
604 
605 
606 
603 
602 
602 
602 
600 
600 
599 
599 
599 
599 
599 
600 
601 
601 
601 
601 
602 
602 
602 
603 
603 
604 
603 
604 
603 
604 
604 
604 
605 
607 
607 
607 
607 
608 
608 
608 
608 
608 
608 
608 
607 
606 
606 
606 
604 
605 
605 
604 
603 
602 
602 
603 
604 
606 
610 
610 
610 
610 
610 
610 
609 
611 
611 
609 
609 
609 
608 
609 
610 
611 
609 
607 
606 
604 
604 
603 
603 
603 
603 
605 
608 
608 
608 
608 
609 
609 
610 
609 
606 
600 
601 
599 
600 
600 
599 
594 
593 
593 
594 
595 
597 
597 
598 
601 
600 
601 
601 
600 
601 
602 
602 
602 
604 
604 
605 
609 
610 
609 
608 
610 
608 
609 
610 
611 
610 
610 
610 
611 
612 
612 
614 
614 
612 
611 
611 
612 
612 
613 
615 
613 
613 
614 
612 
609 
602 
600 
605 
609 
608 
610 
610 
608 
609 
610 
615 
612 
611 
608 
602 
599 
599 
600 
600 
601 
600 
600 
605 
607 
609 
608 
608 
609 
609 
610 
610 
611 
611 
610 
609 
610 
610 
609 
608 
607 
607 
606 
604 
604 
603 
602 
602 
602 
602 
603 
603 
605 
606 
604 
601 
606 
605 
605 
605 
604 
604 
606 
606 
605 
603 
602 
602 
604 
604 
606 
605 
605 
605 
604 
605 
606 
606 
606 
605 
605 
606 
608 
608 
608 
607 
607 
608 
607 
607 
608 
607 
607 
607 
606 
607 
607 
606 
608 
608 
607 
605 
607 
608 
606 
605 
604 
602 
602 
603 
601 
602 
601 
601 
601 
602 
603 
604 
605 
604 
603 
604 
603 
601 
602 
603 
604 
604 
601 
599 
604 
609 
607 
602 
605 
605 
604 
607 
607 
607 
608 
611 
610 
608 
608 
610 
610 
610 
610 
609 
610 
609 
609 
607 
602 
581 
5