1279 
1279 
1279 
1279 
1279 
1280 
1279 
1279 
1278 
1278 
1277 
1277 
1275 
1270 
1262 
1252 
1242 
1237 
1234 
1235 
1203 
1228 
1260 
1253 
1256 
1267 
1281 
1287 
1292 
1296 
1297 
1298 
1298 
1297 
1297 
1296 
1296 
1295 
1294 
1294 
1294 
1287 
1279 
1272 
1268 
1269 
1270 
1273 
1276 
1275 
1270 
1262 
1253 
1248 
1244 
1240 
1238 
1239 
1241 
1258 
1292 
1359 
1399 
1415 
1430 
1445 
1469 
1477 
1478 
1477 
1474 
1468 
1459 
1430 
1419 
1353 
1312 
1300 
1295 
1295 
1294 
1292 
1290 
1290 
1294 
1301 
1317 
1326 
1344 
1371 
1413 
1476 
1492 
1491 
1485 
1485 
1487 
1488 
1490 
1493 
1493 
1492 
1488 
1475 
1475 
1472 
1463 
1455 
1448 
1442 
1437 
1429 
1414 
1401 
1394 
1416 
1428 
1435 
1442 
1446 
1449 
1453 
1460 
1468 
1476 
1482 
1485 
1488 
1491 
1493 
1494 
1493 
1493 
1493 
1494 
1493 
1492 
1491 
1491 
1491 
1489 
1485 
1480 
1476 
1473 
1469 
1467 
1467 
1476 
1492 
1500 
1503 
1505 
1504 
1499 
1493 
1486 
1479 
1472 
1468 
1464 
1458 
1458 
1466 
1472 
1470 
1472 
1475 
1476 
1475 
1474 
1477 
1481 
1484 
1485 
1486 
1487 
1488 
1489 
1489 
1491 
1493 
1495 
1496 
1498 
1499 
1500 
1501 
1501 
1502 
1499 
1498 
1497 
1496 
1496 
1495 
1495 
1496 
1496 
1496 
1496 
1495 
1496 
1494 
1493 
1492 
1492 
1492 
1490 
1489 
1485 
1481 
1478 
1481 
1485 
1486 
1486 
1486 
1485 
1485 
1484 
1482 
1480 
1478 
1478 
1478 
1476 
1474 
1472 
1467 
1460 
1452 
1444 
1441 
1440 
1440 
1439 
1436 
1431 
1426 
1409 
1394 
1386 
1391 
1410 
1425 
1432 
1436 
1437 
1446 
1458 
1470 
1480 
1487 
1494 
1499 
1502 
1504 
1506 
1508 
1510 
1511 
1511 
1511 
1511 
1512 
1512 
1510 
1507 
1504 
1499 
1492 
1485 
1476 
1467 
1460 
1453 
1449 
1446 
1444 
1443 
1443 
1444 
1446 
1448 
1452 
1454 
1456 
1457 
1458 
1460 
1461 
1462 
1463 
1464 
1465 
1467 
1468 
1469 
1471 
1474 
1478 
1482 
1486 
1489 
1492 
1496 
1500 
1503 
1507 
1511 
1514 
1517 
1519 
1520 
1522 
1521 
1519 
1515 
1509 
1503 
1494 
1486 
1476 
1465 
1456 
1450 
1447 
1445 
1445 
1446 
1447 
1447 
1447 
1447 
1447 
1447 
1448 
1448 
1447 
1446 
1444 
1441 
1439 
1438 
1438 
1439 
1439 
1440 
1442 
1444 
1445 
1446 
1447 
1447 
1448 
1448 
1449 
1449 
1449 
1450 
1450 
1451 
1453 
1453 
1453 
1454 
1456 
1460 
1465 
1468 
1470 
1472 
1475 
1478 
1482 
1483 
1485 
1486 
1486 
1486 
1486 
1485 
1482 
1479 
1477 
1477 
1476 
1474 
1470 
1458 
1453 
1450 
1447 
1446 
1446 
1445 
1446 
1446 
1445 
1441 
1436 
1435 
1435 
1433 
1431 
1430 
1430 
1429 
1428 
1429 
1430 
1431 
1434 
1437 
1445 
1446 
1446 
1448 
1469 
1484 
1490 
1491 
1490 
1488 
1485 
1483 
1481 
1479 
1476 
1471 
1466 
1460 
1456 
1452 
1447 
1443 
1437 
1429 
1425 
1428 
1437 
1446 
1455 
1462 
1469 
1476 
1481 
1484 
1486 
1488 
1489 
1488 
1489 
1489 
1489 
1489 
1489 
1488 
1488 
1487 
1487 
1486 
1484 
1485 
1482 
1481 
1480 
1479 
1477 
1475 
1473 
1473 
1472 
1471 
1472 
1472 
1473 
1475 
1477 
1478 
1479 
1479 
1479 
1478 
1477 
1476 
1476 
1477 
1480 
1481 
1483 
1485 
1488 
1490 
1491 
1492 
1493 
1494 
1495 
